2
-5.00000000e-01 0.00000000e+00 0.00000000e+00 0.00000000e+00 7.07000017e-01 0.00000000e+00 0.00000000e+00 0.00000000e+00 0.00000000e+00 1.00000000e+01
5.00000000e-01 0.00000000e+00 0.00000000e+00 0.00000000e+00 -7.07000017e-01 0.00000000e+00 0.00000000e+00 0.00000000e+00 0.00000000e+00 1.00000000e+01
2
-4.99505490e-01 7.06777070e-03 0.00000000e+00 1.00052685e-01 7.06310034e-01 0.00000000e+00 1.00167990e+01 -1.41718850e-01 0.00000000e+00 1.00000000e+01
4.99505490e-01 -7.06777070e-03 0.00000000e+00 -1.00052685e-01 -7.06310034e-01 0.00000000e+00 -1.00167990e+01 1.41718850e-01 0.00000000e+00 1.00000000e+01
2
-4.98001009e-01 1.41215613e-02 0.00000000e+00 2.00448662e-01 7.04164147e-01 0.00000000e+00 1.00682888e+01 -2.85486996e-01 0.00000000e+00 1.00000000e+01
4.98001009e-01 -1.41215613e-02 0.00000000e+00 -2.00448662e-01 -7.04164147e-01 0.00000000e+00 -1.00682888e+01 2.85486996e-01 0.00000000e+00 1.00000000e+01
2
-4.95489120e-01 2.11464874e-02 0.00000000e+00 3.01533908e-01 7.00577497e-01 0.00000000e+00 1.01551390e+01 -4.33386475e-01 0.00000000e+00 1.00000000e+01
4.95489120e-01 -2.11464874e-02 0.00000000e+00 -3.01533908e-01 -7.00577497e-01 0.00000000e+00 -1.01551390e+01 4.33386475e-01 0.00000000e+00 1.00000000e+01
2
-4.91972446e-01 2.81284489e-02 0.00000000e+00 4.03672338e-01 6.95472479e-01 0.00000000e+00 1.02785463e+01 -5.87659299e-01 0.00000000e+00 1.00000000e+01
4.91972446e-01 -2.81284489e-02 0.00000000e+00 -4.03672338e-01 -6.95472479e-01 0.00000000e+00 -1.02785463e+01 5.87659299e-01 0.00000000e+00 1.00000000e+01
2
-4.87410337e-01 3.50509956e-02 0.00000000e+00 5.07238448e-01 6.88803375e-01 0.00000000e+00 1.04421406e+01 -7.50907004e-01 0.00000000e+00 1.00000000e+01
4.87410337e-01 -3.50509956e-02 0.00000000e+00 -5.07238448e-01 -6.88803375e-01 0.00000000e+00 -1.04421406e+01 7.50907004e-01 0.00000000e+00 1.00000000e+01
2
-4.81820971e-01 4.18995321e-02 0.00000000e+00 6.12641096e-01 6.80434883e-01 0.00000000e+00 1.06477976e+01 -9.25924659e-01 0.00000000e+00 1.00000000e+01
4.81820971e-01 -4.18995321e-02 0.00000000e+00 -6.12641096e-01 -6.80434883e-01 0.00000000e+00 -1.06477976e+01 9.25924659e-01 0.00000000e+00 1.00000000e+01
2
-4.75151151e-01 4.86535355e-02 0.00000000e+00 7.20354736e-01 6.70224369e-01 0.00000000e+00 1.09013567e+01 -1.11623728e+00 0.00000000e+00 1.00000000e+01
4.75151151e-01 -4.86535355e-02 0.00000000e+00 -7.20354736e-01 -6.70224369e-01 0.00000000e+00 -1.09013567e+01 1.11623728e+00 0.00000000e+00 1.00000000e+01
2
-4.67397153e-01 5.52972704e-02 0.00000000e+00 8.30850899e-01 6.58030272e-01 0.00000000e+00 1.12075729e+01 -1.32593811e+00 0.00000000e+00 1.00000000e+01
4.67397153e-01 -5.52972704e-02 0.00000000e+00 -8.30850899e-01 -6.58030272e-01 0.00000000e+00 -1.12075729e+01 1.32593811e+00 0.00000000e+00 1.00000000e+01
2
-4.58525419e-01 6.18071891e-02 0.00000000e+00 9.44702387e-01 6.43620610e-01 0.00000000e+00 1.15739441e+01 -1.56009674e+00 0.00000000e+00 1.00000000e+01
4.58525419e-01 -6.18071891e-02 0.00000000e+00 -9.44702387e-01 -6.43620610e-01 0.00000000e+00 -1.15739441e+01 1.56009674e+00 0.00000000e+00 1.00000000e+01
2
-4.48493868e-01 6.81612939e-02 0.00000000e+00 1.06255186e+00 6.26729608e-01 0.00000000e+00 1.20101871e+01 -1.82526565e+00 0.00000000e+00 1.00000000e+01
4.48493868e-01 -6.81612939e-02 0.00000000e+00 -1.06255186e+00 -6.26729608e-01 0.00000000e+00 -1.20101871e+01 1.82526565e+00 0.00000000e+00 1.00000000e+01
2
-4.37257171e-01 7.43351877e-02 0.00000000e+00 1.18517804e+00 6.06986165e-01 0.00000000e+00 1.25286303e+01 -2.12988615e+00 0.00000000e+00 1.00000000e+01
4.37257171e-01 -7.43351877e-02 0.00000000e+00 -1.18517804e+00 -6.06986165e-01 0.00000000e+00 -1.25286303e+01 2.12988615e+00 0.00000000e+00 1.00000000e+01
2
-4.24767524e-01 8.02918226e-02 0.00000000e+00 1.31344926e+00 5.83961844e-01 0.00000000e+00 1.31451330e+01 -2.48473740e+00 0.00000000e+00 1.00000000e+01
4.24767524e-01 -8.02918226e-02 0.00000000e+00 -1.31344926e+00 -5.83961844e-01 0.00000000e+00 -1.31451330e+01 2.48473740e+00 0.00000000e+00 1.00000000e+01
2
-4.10969019e-01 8.59995335e-02 0.00000000e+00 1.44845712e+00 5.57075560e-01 0.00000000e+00 1.38803282e+01 -2.90457344e+00 0.00000000e+00 1.00000000e+01
4.10969019e-01 -8.59995335e-02 0.00000000e+00 -1.44845712e+00 -5.57075560e-01 0.00000000e+00 -1.38803282e+01 2.90457344e+00 0.00000000e+00 1.00000000e+01
2
-3.95776212e-01 9.14183334e-02 0.00000000e+00 1.59155369e+00 5.25582492e-01 0.00000000e+00 1.47630568e+01 -3.41000986e+00 0.00000000e+00 1.00000000e+01
3.95776212e-01 -9.14183334e-02 0.00000000e+00 -1.59155369e+00 -5.25582492e-01 0.00000000e+00 -1.47630568e+01 3.41000986e+00 0.00000000e+00 1.00000000e+01
2
-3.79106969e-01 9.64935869e-02 0.00000000e+00 1.74435377e+00 4.88495260e-01 0.00000000e+00 1.58314381e+01 -4.02951527e+00 0.00000000e+00 1.00000000e+01
3.79106969e-01 -9.64935869e-02 0.00000000e+00 -1.74435377e+00 -4.88495260e-01 0.00000000e+00 -1.58314381e+01 4.02951527e+00 0.00000000e+00 1.00000000e+01
2
-3.60845238e-01 1.01164341e-01 0.00000000e+00 1.90898347e+00 4.44473177e-01 0.00000000e+00 1.71397629e+01 -4.80515146e+00 0.00000000e+00 1.00000000e+01
3.60845238e-01 -1.01164341e-01 0.00000000e+00 -1.90898347e+00 -4.44473177e-01 0.00000000e+00 -1.71397629e+01 4.80515146e+00 0.00000000e+00 1.00000000e+01
2
-3.40873033e-01 1.05353594e-01 0.00000000e+00 2.08818364e+00 3.91667783e-01 0.00000000e+00 1.87636566e+01 -5.79922390e+00 0.00000000e+00 1.00000000e+01
3.40873033e-01 -1.05353594e-01 0.00000000e+00 -2.08818364e+00 -3.91667783e-01 0.00000000e+00 -1.87636566e+01 5.79922390e+00 0.00000000e+00 1.00000000e+01
2
-3.19022804e-01 1.08959198e-01 0.00000000e+00 2.28566813e+00 3.27440232e-01 0.00000000e+00 2.08169060e+01 -7.10974312e+00 0.00000000e+00 1.00000000e+01
3.19022804e-01 -1.08959198e-01 0.00000000e+00 -2.28566813e+00 -3.27440232e-01 0.00000000e+00 -2.08169060e+01 7.10974312e+00 0.00000000e+00 1.00000000e+01
2
-2.95082211e-01 1.11850969e-01 0.00000000e+00 2.50651670e+00 2.47890204e-01 0.00000000e+00 2.34742737e+01 -8.89783287e+00 0.00000000e+00 1.00000000e+01
2.95082211e-01 -1.11850969e-01 0.00000000e+00 -2.50651670e+00 -2.47890204e-01 0.00000000e+00 -2.34742737e+01 8.89783287e+00 0.00000000e+00 1.00000000e+01
2
-2.68791884e-01 1.13846429e-01 0.00000000e+00 2.75808406e+00 1.46983385e-01 0.00000000e+00 2.70154953e+01 -1.14422426e+01 0.00000000e+00 1.00000000e+01
2.68791884e-01 -1.13846429e-01 0.00000000e+00 -2.75808406e+00 -1.46983385e-01 0.00000000e+00 -2.70154953e+01 1.14422426e+01 0.00000000e+00 1.00000000e+01
2
-2.39782199e-01 1.14686988e-01 0.00000000e+00 3.05136371e+00 1.48208104e-02 0.00000000e+00 3.19222565e+01 -1.52681074e+01 0.00000000e+00 1.00000000e+01
2.39782199e-01 -1.14686988e-01 0.00000000e+00 -3.05136371e+00 -1.48208104e-02 0.00000000e+00 -3.19222565e+01 1.52681074e+01 0.00000000e+00 1.00000000e+01
2
-2.07565308e-01 1.13981783e-01 0.00000000e+00 3.40394878e+00 -1.66129157e-01 0.00000000e+00 3.90776863e+01 -2.14586811e+01 0.00000000e+00 1.00000000e+01
2.07565308e-01 -1.13981783e-01 0.00000000e+00 -3.40394878e+00 1.66129157e-01 0.00000000e+00 -3.90776863e+01 2.14586811e+01 0.00000000e+00 1.00000000e+01
2
-1.71406761e-01 1.11090869e-01 0.00000000e+00 3.84620285e+00 -4.30397481e-01 0.00000000e+00 5.02824554e+01 -3.25880852e+01 0.00000000e+00 1.00000000e+01
1.71406761e-01 -1.11090869e-01 0.00000000e+00 -3.84620285e+00 4.30397481e-01 0.00000000e+00 -5.02824554e+01 3.25880852e+01 0.00000000e+00 1.00000000e+01
2
-1.30154371e-01 1.04843907e-01 0.00000000e+00 4.43633080e+00 -8.57584715e-01 0.00000000e+00 6.96979446e+01 -5.61426811e+01 0.00000000e+00 1.00000000e+01
1.30154371e-01 -1.04843907e-01 0.00000000e+00 -4.43633080e+00 8.57584715e-01 0.00000000e+00 -6.96979446e+01 5.61426811e+01 0.00000000e+00 1.00000000e+01
2
-8.17786083e-02 9.26648751e-02 0.00000000e+00 5.30234289e+00 -1.68550706e+00 0.00000000e+00 1.08294441e+02 -1.22704735e+02 0.00000000e+00 1.00000000e+01
8.17786083e-02 -9.26648751e-02 0.00000000e+00 -5.30234289e+00 1.68550706e+00 0.00000000e+00 -1.08294441e+02 1.22704735e+02 0.00000000e+00 1.00000000e+01
2
-2.22708639e-02 6.63947016e-02 0.00000000e+00 6.70476055e+00 -4.11602879e+00 0.00000000e+00 1.62120163e+02 -4.83202911e+02 0.00000000e+00 1.00000000e+01
2.22708639e-02 -6.63947016e-02 0.00000000e+00 -6.70476055e+00 4.11602879e+00 0.00000000e+00 -1.62120163e+02 4.83202911e+02 0.00000000e+00 1.00000000e+01
2
2.12286878e-02 -2.23903470e-02 0.00000000e+00 -5.13469648e+00 -1.12310209e+01 0.00000000e+00 -1.80808191e+03 1.90560474e+03 0.00000000e+00 1.00000000e+01
-2.12286878e-02 2.23903470e-02 0.00000000e+00 5.13469648e+00 1.12310209e+01 0.00000000e+00 1.80808191e+03 -1.90560474e+03 0.00000000e+00 1.00000000e+01
2
-4.50740568e-02 -7.84536377e-02 0.00000000e+00 -6.13500929e+00 -2.83889365e+00 0.00000000e+00 1.52134628e+02 2.64824341e+02 0.00000000e+00 1.00000000e+01
4.50740568e-02 7.84536377e-02 0.00000000e+00 6.13500929e+00 2.83889365e+00 0.00000000e+00 -1.52134628e+02 -2.64824341e+02 0.00000000e+00 1.00000000e+01
2
-9.99767631e-02 -9.78020430e-02 0.00000000e+00 -4.94785404e+00 -1.30590665e+00 0.00000000e+00 9.13662796e+01 8.93820877e+01 0.00000000e+00 1.00000000e+01
9.99767631e-02 9.78020430e-02 0.00000000e+00 4.94785404e+00 1.30590665e+00 0.00000000e+00 -9.13662796e+01 -8.93820877e+01 0.00000000e+00 1.00000000e+01
2
-1.45473197e-01 -1.07324414e-01 0.00000000e+00 -4.20064688e+00 -6.70108080e-01 0.00000000e+00 6.15595055e+01 4.54172134e+01 0.00000000e+00 1.00000000e+01
1.45473197e-01 1.07324414e-01 0.00000000e+00 4.20064688e+00 6.70108080e-01 0.00000000e+00 -6.15595055e+01 -4.54172134e+01 0.00000000e+00 1.00000000e+01
2
-1.84702277e-01 -1.12106092e-01 0.00000000e+00 -3.67129397e+00 -3.15247953e-01 0.00000000e+00 4.57814369e+01 2.77877750e+01 0.00000000e+00 1.00000000e+01
1.84702277e-01 1.12106092e-01 0.00000000e+00 3.67129397e+00 3.15247953e-01 0.00000000e+00 -4.57814369e+01 -2.77877750e+01 0.00000000e+00 1.00000000e+01
2
-2.19301924e-01 -1.14040412e-01 0.00000000e+00 -3.26447773e+00 -8.63422304e-02 0.00000000e+00 3.63032112e+01 1.88785000e+01 0.00000000e+00 1.00000000e+01
2.19301924e-01 1.14040412e-01 0.00000000e+00 3.26447773e+00 8.63422304e-02 0.00000000e+00 -3.63032112e+01 -1.88785000e+01 0.00000000e+00 1.00000000e+01
2
-2.50245482e-01 -1.14056483e-01 0.00000000e+00 -2.93456483e+00 7.44885355e-02 0.00000000e+00 3.00786304e+01 1.37093582e+01 0.00000000e+00 1.00000000e+01
2.50245482e-01 1.14056483e-01 0.00000000e+00 2.93456483e+00 -7.44885355e-02 0.00000000e+00 -3.00786304e+01 -1.37093582e+01 0.00000000e+00 1.00000000e+01
2
-2.78162658e-01 -1.12686589e-01 0.00000000e+00 -2.65675092e+00 1.94008425e-01 0.00000000e+00 2.57249718e+01 1.04215717e+01 0.00000000e+00 1.00000000e+01
2.78162658e-01 1.12686589e-01 0.00000000e+00 2.65675092e+00 -1.94008425e-01 0.00000000e+00 -2.57249718e+01 -1.04215717e+01 0.00000000e+00 1.00000000e+01
2
-3.03500444e-01 -1.10266604e-01 0.00000000e+00 -2.41620851e+00 2.86384463e-01 0.00000000e+00 2.25350151e+01 8.18742085e+00 0.00000000e+00 1.00000000e+01
3.03500444e-01 1.10266604e-01 0.00000000e+00 2.41620851e+00 -2.86384463e-01 0.00000000e+00 -2.25350151e+01 -8.18742085e+00 0.00000000e+00 1.00000000e+01
2
-3.26578647e-01 -1.07021742e-01 0.00000000e+00 -2.20349765e+00 3.59859824e-01 0.00000000e+00 2.01148834e+01 6.59183216e+00 0.00000000e+00 1.00000000e+01
3.26578647e-01 1.07021742e-01 0.00000000e+00 2.20349765e+00 -3.59859824e-01 0.00000000e+00 -2.01148834e+01 -6.59183216e+00 0.00000000e+00 1.00000000e+01
2
-3.47646564e-01 -1.03114739e-01 0.00000000e+00 -2.01214361e+00 4.19575542e-01 0.00000000e+00 1.82279987e+01 5.40662289e+00 0.00000000e+00 1.00000000e+01
3.47646564e-01 1.03114739e-01 0.00000000e+00 2.01214361e+00 -4.19575542e-01 0.00000000e+00 -1.82279987e+01 -5.40662289e+00 0.00000000e+00 1.00000000e+01
2
-3.66880357e-01 -9.86641496e-02 0.00000000e+00 -1.83767450e+00 4.68909293e-01 0.00000000e+00 1.67265701e+01 4.49827576e+00 0.00000000e+00 1.00000000e+01
3.66880357e-01 9.86641496e-02 0.00000000e+00 1.83767450e+00 -4.68909293e-01 0.00000000e+00 -1.67265701e+01 -4.49827576e+00 0.00000000e+00 1.00000000e+01
2
-3.84440750e-01 -9.37642530e-02 0.00000000e+00 -1.67669940e+00 5.10183394e-01 0.00000000e+00 1.55110531e+01 3.78314853e+00 0.00000000e+00 1.00000000e+01
3.84440750e-01 9.37642530e-02 0.00000000e+00 1.67669940e+00 -5.10183394e-01 0.00000000e+00 -1.55110531e+01 -3.78314853e+00 0.00000000e+00 1.00000000e+01
2
-4.00448978e-01 -8.84818286e-02 0.00000000e+00 -1.52673113e+00 5.45029640e-01 0.00000000e+00 1.45142860e+01 3.20705867e+00 0.00000000e+00 1.00000000e+01
4.00448978e-01 8.84818286e-02 0.00000000e+00 1.52673113e+00 -5.45029640e-01 0.00000000e+00 -1.45142860e+01 -3.20705867e+00 0.00000000e+00 1.00000000e+01
