2
-5.00000000e-01	0.00000000e+00	0.00000000e+00	1.00000000e+01
5.00000000e-01	0.00000000e+00	0.00000000e+00	1.00000000e+01
2
-4.99505490e-01	7.06777070e-03	0.00000000e+00	1.00000000e+01
4.99505490e-01	-7.06777070e-03	0.00000000e+00	1.00000000e+01
2
-4.98001009e-01	1.41215613e-02	0.00000000e+00	1.00000000e+01
4.98001009e-01	-1.41215613e-02	0.00000000e+00	1.00000000e+01
2
-4.95489120e-01	2.11464874e-02	0.00000000e+00	1.00000000e+01
4.95489120e-01	-2.11464874e-02	0.00000000e+00	1.00000000e+01
2
-4.91972446e-01	2.81284489e-02	0.00000000e+00	1.00000000e+01
4.91972446e-01	-2.81284489e-02	0.00000000e+00	1.00000000e+01
2
-4.87410337e-01	3.50509956e-02	0.00000000e+00	1.00000000e+01
4.87410337e-01	-3.50509956e-02	0.00000000e+00	1.00000000e+01
2
-4.81820971e-01	4.18995321e-02	0.00000000e+00	1.00000000e+01
4.81820971e-01	-4.18995321e-02	0.00000000e+00	1.00000000e+01
2
-4.75151151e-01	4.86535355e-02	0.00000000e+00	1.00000000e+01
4.75151151e-01	-4.86535355e-02	0.00000000e+00	1.00000000e+01
2
-4.67397153e-01	5.52972704e-02	0.00000000e+00	1.00000000e+01
4.67397153e-01	-5.52972704e-02	0.00000000e+00	1.00000000e+01
2
-4.58525419e-01	6.18071891e-02	0.00000000e+00	1.00000000e+01
4.58525419e-01	-6.18071891e-02	0.00000000e+00	1.00000000e+01
2
-4.48493868e-01	6.81612939e-02	0.00000000e+00	1.00000000e+01
4.48493868e-01	-6.81612939e-02	0.00000000e+00	1.00000000e+01
2
-4.37257171e-01	7.43351877e-02	0.00000000e+00	1.00000000e+01
4.37257171e-01	-7.43351877e-02	0.00000000e+00	1.00000000e+01
2
-4.24767524e-01	8.02918226e-02	0.00000000e+00	1.00000000e+01
4.24767524e-01	-8.02918226e-02	0.00000000e+00	1.00000000e+01
2
-4.10969019e-01	8.59995335e-02	0.00000000e+00	1.00000000e+01
4.10969019e-01	-8.59995335e-02	0.00000000e+00	1.00000000e+01
2
-3.95776212e-01	9.14183334e-02	0.00000000e+00	1.00000000e+01
3.95776212e-01	-9.14183334e-02	0.00000000e+00	1.00000000e+01
2
-3.79106969e-01	9.64935869e-02	0.00000000e+00	1.00000000e+01
3.79106969e-01	-9.64935869e-02	0.00000000e+00	1.00000000e+01
2
-3.60845238e-01	1.01164341e-01	0.00000000e+00	1.00000000e+01
3.60845238e-01	-1.01164341e-01	0.00000000e+00	1.00000000e+01
2
-3.40873033e-01	1.05353594e-01	0.00000000e+00	1.00000000e+01
3.40873033e-01	-1.05353594e-01	0.00000000e+00	1.00000000e+01
2
-3.19022804e-01	1.08959198e-01	0.00000000e+00	1.00000000e+01
3.19022804e-01	-1.08959198e-01	0.00000000e+00	1.00000000e+01
2
-2.95082211e-01	1.11850969e-01	0.00000000e+00	1.00000000e+01
2.95082211e-01	-1.11850969e-01	0.00000000e+00	1.00000000e+01
2
-2.68791884e-01	1.13846429e-01	0.00000000e+00	1.00000000e+01
2.68791884e-01	-1.13846429e-01	0.00000000e+00	1.00000000e+01
2
-2.39782199e-01	1.14686988e-01	0.00000000e+00	1.00000000e+01
2.39782199e-01	-1.14686988e-01	0.00000000e+00	1.00000000e+01
2
-2.07565308e-01	1.13981783e-01	0.00000000e+00	1.00000000e+01
2.07565308e-01	-1.13981783e-01	0.00000000e+00	1.00000000e+01
2
-1.71406761e-01	1.11090869e-01	0.00000000e+00	1.00000000e+01
1.71406761e-01	-1.11090869e-01	0.00000000e+00	1.00000000e+01
2
-1.30154371e-01	1.04843907e-01	0.00000000e+00	1.00000000e+01
1.30154371e-01	-1.04843907e-01	0.00000000e+00	1.00000000e+01
2
-8.17786083e-02	9.26648751e-02	0.00000000e+00	1.00000000e+01
8.17786083e-02	-9.26648751e-02	0.00000000e+00	1.00000000e+01
2
-2.22708639e-02	6.63947016e-02	0.00000000e+00	1.00000000e+01
2.22708639e-02	-6.63947016e-02	0.00000000e+00	1.00000000e+01
2
2.12286878e-02	-2.23903470e-02	0.00000000e+00	1.00000000e+01
-2.12286878e-02	2.23903470e-02	0.00000000e+00	1.00000000e+01
2
-4.50740568e-02	-7.84536377e-02	0.00000000e+00	1.00000000e+01
4.50740568e-02	7.84536377e-02	0.00000000e+00	1.00000000e+01
2
-9.99767631e-02	-9.78020430e-02	0.00000000e+00	1.00000000e+01
9.99767631e-02	9.78020430e-02	0.00000000e+00	1.00000000e+01
2
-1.45473197e-01	-1.07324414e-01	0.00000000e+00	1.00000000e+01
1.45473197e-01	1.07324414e-01	0.00000000e+00	1.00000000e+01
2
-1.84702277e-01	-1.12106092e-01	0.00000000e+00	1.00000000e+01
1.84702277e-01	1.12106092e-01	0.00000000e+00	1.00000000e+01
2
-2.19301924e-01	-1.14040412e-01	0.00000000e+00	1.00000000e+01
2.19301924e-01	1.14040412e-01	0.00000000e+00	1.00000000e+01
2
-2.50245482e-01	-1.14056483e-01	0.00000000e+00	1.00000000e+01
2.50245482e-01	1.14056483e-01	0.00000000e+00	1.00000000e+01
2
-2.78162658e-01	-1.12686589e-01	0.00000000e+00	1.00000000e+01
2.78162658e-01	1.12686589e-01	0.00000000e+00	1.00000000e+01
2
-3.03500444e-01	-1.10266604e-01	0.00000000e+00	1.00000000e+01
3.03500444e-01	1.10266604e-01	0.00000000e+00	1.00000000e+01
2
-3.26578647e-01	-1.07021742e-01	0.00000000e+00	1.00000000e+01
3.26578647e-01	1.07021742e-01	0.00000000e+00	1.00000000e+01
2
-3.47646564e-01	-1.03114739e-01	0.00000000e+00	1.00000000e+01
3.47646564e-01	1.03114739e-01	0.00000000e+00	1.00000000e+01
2
-3.66880357e-01	-9.86641496e-02	0.00000000e+00	1.00000000e+01
3.66880357e-01	9.86641496e-02	0.00000000e+00	1.00000000e+01
2
-3.84440750e-01	-9.37642530e-02	0.00000000e+00	1.00000000e+01
3.84440750e-01	9.37642530e-02	0.00000000e+00	1.00000000e+01
2
-4.00448978e-01	-8.84818286e-02	0.00000000e+00	1.00000000e+01
4.00448978e-01	8.84818286e-02	0.00000000e+00	1.00000000e+01
