2
-5.00000000e-01	0.00000000e+00	0.00000000e+00	1.00000000e+01
5.00000000e-01	0.00000000e+00	0.00000000e+00	1.00000000e+01
2
-4.99505490e-01	7.06777070e-03	0.00000000e+00	1.00000000e+01
4.99505490e-01	-7.06777070e-03	0.00000000e+00	1.00000000e+01
2
-4.98001009e-01	1.41215632e-02	0.00000000e+00	1.00000000e+01
4.98001009e-01	-1.41215632e-02	0.00000000e+00	1.00000000e+01
2
-4.95489120e-01	2.11464912e-02	0.00000000e+00	1.00000000e+01
4.95489120e-01	-2.11464912e-02	0.00000000e+00	1.00000000e+01
2
-4.91972446e-01	2.81284582e-02	0.00000000e+00	1.00000000e+01
4.91972446e-01	-2.81284582e-02	0.00000000e+00	1.00000000e+01
2
-4.87410337e-01	3.50510068e-02	0.00000000e+00	1.00000000e+01
4.87410337e-01	-3.50510068e-02	0.00000000e+00	1.00000000e+01
2
-4.81820971e-01	4.18995507e-02	0.00000000e+00	1.00000000e+01
4.81820971e-01	-4.18995507e-02	0.00000000e+00	1.00000000e+01
2
-4.75151151e-01	4.86535579e-02	0.00000000e+00	1.00000000e+01
4.75151151e-01	-4.86535579e-02	0.00000000e+00	1.00000000e+01
2
-4.67397153e-01	5.52972965e-02	0.00000000e+00	1.00000000e+01
4.67397153e-01	-5.52972965e-02	0.00000000e+00	1.00000000e+01
2
-4.58525449e-01	6.18072264e-02	0.00000000e+00	1.00000000e+01
4.58525449e-01	-6.18072264e-02	0.00000000e+00	1.00000000e+01
2
-4.48493928e-01	6.81613386e-02	0.00000000e+00	1.00000000e+01
4.48493928e-01	-6.81613386e-02	0.00000000e+00	1.00000000e+01
2
-4.37257260e-01	7.43352547e-02	0.00000000e+00	1.00000000e+01
4.37257260e-01	-7.43352547e-02	0.00000000e+00	1.00000000e+01
2
-4.24767643e-01	8.02918971e-02	0.00000000e+00	1.00000000e+01
4.24767643e-01	-8.02918971e-02	0.00000000e+00	1.00000000e+01
2
-4.10969198e-01	8.59996304e-02	0.00000000e+00	1.00000000e+01
4.10969198e-01	-8.59996304e-02	0.00000000e+00	1.00000000e+01
2
-3.95776421e-01	9.14184526e-02	0.00000000e+00	1.00000000e+01
3.95776421e-01	-9.14184526e-02	0.00000000e+00	1.00000000e+01
2
-3.79107177e-01	9.64937359e-02	0.00000000e+00	1.00000000e+01
3.79107177e-01	-9.64937359e-02	0.00000000e+00	1.00000000e+01
2
-3.60845476e-01	1.01164505e-01	0.00000000e+00	1.00000000e+01
3.60845476e-01	-1.01164505e-01	0.00000000e+00	1.00000000e+01
2
-3.40873271e-01	1.05353773e-01	0.00000000e+00	1.00000000e+01
3.40873271e-01	-1.05353773e-01	0.00000000e+00	1.00000000e+01
2
-3.19023162e-01	1.08959399e-01	0.00000000e+00	1.00000000e+01
3.19023162e-01	-1.08959399e-01	0.00000000e+00	1.00000000e+01
2
-2.95082659e-01	1.11851208e-01	0.00000000e+00	1.00000000e+01
2.95082659e-01	-1.11851208e-01	0.00000000e+00	1.00000000e+01
2
-2.68792361e-01	1.13846727e-01	0.00000000e+00	1.00000000e+01
2.68792361e-01	-1.13846727e-01	0.00000000e+00	1.00000000e+01
2
-2.39782825e-01	1.14687368e-01	0.00000000e+00	1.00000000e+01
2.39782825e-01	-1.14687368e-01	0.00000000e+00	1.00000000e+01
2
-2.07566097e-01	1.13982275e-01	0.00000000e+00	1.00000000e+01
2.07566097e-01	-1.13982275e-01	0.00000000e+00	1.00000000e+01
2
-1.71407789e-01	1.11091517e-01	0.00000000e+00	1.00000000e+01
1.71407789e-01	-1.11091517e-01	0.00000000e+00	1.00000000e+01
2
-1.30155802e-01	1.04844868e-01	0.00000000e+00	1.00000000e+01
1.30155802e-01	-1.04844868e-01	0.00000000e+00	1.00000000e+01
2
-8.17807093e-02	9.26664695e-02	0.00000000e+00	1.00000000e+01
8.17807093e-02	-9.26664695e-02	0.00000000e+00	1.00000000e+01
2
-2.22743675e-02	6.63985610e-02	0.00000000e+00	1.00000000e+01
2.22743675e-02	-6.63985610e-02	0.00000000e+00	1.00000000e+01
2
2.12505441e-02	-2.23762896e-02	0.00000000e+00	1.00000000e+01
-2.12505441e-02	2.23762896e-02	0.00000000e+00	1.00000000e+01
2
-4.50282022e-02	-7.85131454e-02	0.00000000e+00	1.00000000e+01
4.50282022e-02	7.85131454e-02	0.00000000e+00	1.00000000e+01
2
-9.99444053e-02	-9.79411975e-02	0.00000000e+00	1.00000000e+01
9.99444053e-02	9.79411975e-02	0.00000000e+00	1.00000000e+01
2
-1.45472065e-01	-1.07544400e-01	0.00000000e+00	1.00000000e+01
1.45472065e-01	1.07544400e-01	0.00000000e+00	1.00000000e+01
2
-1.84745774e-01	-1.12407386e-01	0.00000000e+00	1.00000000e+01
1.84745774e-01	1.12407386e-01	0.00000000e+00	1.00000000e+01
2
-2.19402254e-01	-1.14422753e-01	0.00000000e+00	1.00000000e+01
2.19402254e-01	1.14422753e-01	0.00000000e+00	1.00000000e+01
2
-2.50412077e-01	-1.14519857e-01	0.00000000e+00	1.00000000e+01
2.50412077e-01	1.14519857e-01	0.00000000e+00	1.00000000e+01
2
-2.78408915e-01	-1.13230452e-01	0.00000000e+00	1.00000000e+01
2.78408915e-01	1.13230452e-01	0.00000000e+00	1.00000000e+01
2
-3.03830713e-01	-1.10890232e-01	0.00000000e+00	1.00000000e+01
3.03830713e-01	1.10890232e-01	0.00000000e+00	1.00000000e+01
2
-3.27000201e-01	-1.07724719e-01	0.00000000e+00	1.00000000e+01
3.27000201e-01	1.07724719e-01	0.00000000e+00	1.00000000e+01
2
-3.48162234e-01	-1.03896223e-01	0.00000000e+00	1.00000000e+01
3.48162234e-01	1.03896223e-01	0.00000000e+00	1.00000000e+01
2
-3.67507190e-01	-9.95234847e-02	0.00000000e+00	1.00000000e+01
3.67507190e-01	9.95234847e-02	0.00000000e+00	1.00000000e+01
2
-3.85188758e-01	-9.47001055e-02	0.00000000e+00	1.00000000e+01
3.85188758e-01	9.47001055e-02	0.00000000e+00	1.00000000e+01
2
-4.01322693e-01	-8.94934535e-02	0.00000000e+00	1.00000000e+01
4.01322693e-01	8.94934535e-02	0.00000000e+00	1.00000000e+01
