2
-5.00000000e-01	0.00000000e+00	0.00000000e+00	1.00000000e+01
5.00000000e-01	0.00000000e+00	0.00000000e+00	1.00000000e+01
2
-4.99505490e-01	7.06777070e-03	0.00000000e+00	1.00000000e+01
4.99505490e-01	-7.06777070e-03	0.00000000e+00	1.00000000e+01
2
-4.98001009e-01	1.41215613e-02	0.00000000e+00	1.00000000e+01
4.98001009e-01	-1.41215613e-02	0.00000000e+00	1.00000000e+01
2
-4.95489120e-01	2.11464874e-02	0.00000000e+00	1.00000000e+01
4.95489120e-01	-2.11464874e-02	0.00000000e+00	1.00000000e+01
2
-4.91972446e-01	2.81284489e-02	0.00000000e+00	1.00000000e+01
4.91972446e-01	-2.81284489e-02	0.00000000e+00	1.00000000e+01
2
-4.87410337e-01	3.50509956e-02	0.00000000e+00	1.00000000e+01
4.87410337e-01	-3.50509956e-02	0.00000000e+00	1.00000000e+01
2
-4.81820971e-01	4.18995321e-02	0.00000000e+00	1.00000000e+01
4.81820971e-01	-4.18995321e-02	0.00000000e+00	1.00000000e+01
2
-4.75151151e-01	4.86535355e-02	0.00000000e+00	1.00000000e+01
4.75151151e-01	-4.86535355e-02	0.00000000e+00	1.00000000e+01
2
-4.67397153e-01	5.52972704e-02	0.00000000e+00	1.00000000e+01
4.67397153e-01	-5.52972704e-02	0.00000000e+00	1.00000000e+01
2
-4.58525419e-01	6.18071891e-02	0.00000000e+00	1.00000000e+01
4.58525419e-01	-6.18071891e-02	0.00000000e+00	1.00000000e+01
2
-4.48493868e-01	6.81612939e-02	0.00000000e+00	1.00000000e+01
4.48493868e-01	-6.81612939e-02	0.00000000e+00	1.00000000e+01
2
-4.37257171e-01	7.43351877e-02	0.00000000e+00	1.00000000e+01
4.37257171e-01	-7.43351877e-02	0.00000000e+00	1.00000000e+01
2
-4.24767524e-01	8.02918226e-02	0.00000000e+00	1.00000000e+01
4.24767524e-01	-8.02918226e-02	0.00000000e+00	1.00000000e+01
2
-4.10969019e-01	8.59995335e-02	0.00000000e+00	1.00000000e+01
4.10969019e-01	-8.59995335e-02	0.00000000e+00	1.00000000e+01
2
-3.95776212e-01	9.14183334e-02	0.00000000e+00	1.00000000e+01
3.95776212e-01	-9.14183334e-02	0.00000000e+00	1.00000000e+01
2
-3.79106969e-01	9.64935869e-02	0.00000000e+00	1.00000000e+01
3.79106969e-01	-9.64935869e-02	0.00000000e+00	1.00000000e+01
2
-3.60845238e-01	1.01164341e-01	0.00000000e+00	1.00000000e+01
3.60845238e-01	-1.01164341e-01	0.00000000e+00	1.00000000e+01
2
-3.40873033e-01	1.05353594e-01	0.00000000e+00	1.00000000e+01
3.40873033e-01	-1.05353594e-01	0.00000000e+00	1.00000000e+01
2
-3.19022804e-01	1.08959198e-01	0.00000000e+00	1.00000000e+01
3.19022804e-01	-1.08959198e-01	0.00000000e+00	1.00000000e+01
2
-2.95082211e-01	1.11850969e-01	0.00000000e+00	1.00000000e+01
2.95082211e-01	-1.11850969e-01	0.00000000e+00	1.00000000e+01
2
-2.68791884e-01	1.13846429e-01	0.00000000e+00	1.00000000e+01
2.68791884e-01	-1.13846429e-01	0.00000000e+00	1.00000000e+01
2
-2.39782199e-01	1.14686988e-01	0.00000000e+00	1.00000000e+01
2.39782199e-01	-1.14686988e-01	0.00000000e+00	1.00000000e+01
2
-2.07565308e-01	1.13981783e-01	0.00000000e+00	1.00000000e+01
2.07565308e-01	-1.13981783e-01	0.00000000e+00	1.00000000e+01
2
-1.71406761e-01	1.11090869e-01	0.00000000e+00	1.00000000e+01
1.71406761e-01	-1.11090869e-01	0.00000000e+00	1.00000000e+01
2
-1.30154371e-01	1.04843907e-01	0.00000000e+00	1.00000000e+01
1.30154371e-01	-1.04843907e-01	0.00000000e+00	1.00000000e+01
2
-8.17786083e-02	9.26648751e-02	0.00000000e+00	1.00000000e+01
8.17786083e-02	-9.26648751e-02	0.00000000e+00	1.00000000e+01
2
-2.22708546e-02	6.63947016e-02	0.00000000e+00	1.00000000e+01
2.22708546e-02	-6.63947016e-02	0.00000000e+00	1.00000000e+01
2
2.12286953e-02	-2.23903526e-02	0.00000000e+00	1.00000000e+01
-2.12286953e-02	2.23903526e-02	0.00000000e+00	1.00000000e+01
2
-4.50740308e-02	-7.84536675e-02	0.00000000e+00	1.00000000e+01
4.50740308e-02	7.84536675e-02	0.00000000e+00	1.00000000e+01
2
-9.99767333e-02	-9.78021398e-02	0.00000000e+00	1.00000000e+01
9.99767333e-02	9.78021398e-02	0.00000000e+00	1.00000000e+01
2
-1.45473167e-01	-1.07324585e-01	0.00000000e+00	1.00000000e+01
1.45473167e-01	1.07324585e-01	0.00000000e+00	1.00000000e+01
2
-1.84702277e-01	-1.12106301e-01	0.00000000e+00	1.00000000e+01
1.84702277e-01	1.12106301e-01	0.00000000e+00	1.00000000e+01
2
-2.19301939e-01	-1.14040673e-01	0.00000000e+00	1.00000000e+01
2.19301939e-01	1.14040673e-01	0.00000000e+00	1.00000000e+01
2
-2.50245571e-01	-1.14056781e-01	0.00000000e+00	1.00000000e+01
2.50245571e-01	1.14056781e-01	0.00000000e+00	1.00000000e+01
2
-2.78162777e-01	-1.12686954e-01	0.00000000e+00	1.00000000e+01
2.78162777e-01	1.12686954e-01	0.00000000e+00	1.00000000e+01
2
-3.03500623e-01	-1.10267028e-01	0.00000000e+00	1.00000000e+01
3.03500623e-01	1.10267028e-01	0.00000000e+00	1.00000000e+01
2
-3.26578915e-01	-1.07022226e-01	0.00000000e+00	1.00000000e+01
3.26578915e-01	1.07022226e-01	0.00000000e+00	1.00000000e+01
2
-3.47646922e-01	-1.03115276e-01	0.00000000e+00	1.00000000e+01
3.47646922e-01	1.03115276e-01	0.00000000e+00	1.00000000e+01
2
-3.66880774e-01	-9.86647457e-02	0.00000000e+00	1.00000000e+01
3.66880774e-01	9.86647457e-02	0.00000000e+00	1.00000000e+01
2
-3.84441197e-01	-9.37649012e-02	0.00000000e+00	1.00000000e+01
3.84441197e-01	9.37649012e-02	0.00000000e+00	1.00000000e+01
2
-4.00449514e-01	-8.84825289e-02	0.00000000e+00	1.00000000e+01
4.00449514e-01	8.84825289e-02	0.00000000e+00	1.00000000e+01
2
-4.15011853e-01	-8.28800425e-02	0.00000000e+00	1.00000000e+01
4.15011853e-01	8.28800425e-02	0.00000000e+00	1.00000000e+01
2
-4.28189695e-01	-7.70060420e-02	0.00000000e+00	1.00000000e+01
4.28189695e-01	7.70060420e-02	0.00000000e+00	1.00000000e+01
2
-4.40076679e-01	-7.08951205e-02	0.00000000e+00	1.00000000e+01
4.40076679e-01	7.08951205e-02	0.00000000e+00	1.00000000e+01
2
-4.50720638e-01	-6.45812079e-02	0.00000000e+00	1.00000000e+01
4.50720638e-01	6.45812079e-02	0.00000000e+00	1.00000000e+01
2
-4.60167170e-01	-5.81003726e-02	0.00000000e+00	1.00000000e+01
4.60167170e-01	5.81003726e-02	0.00000000e+00	1.00000000e+01
2
-4.68459219e-01	-5.14726453e-02	0.00000000e+00	1.00000000e+01
4.68459219e-01	5.14726453e-02	0.00000000e+00	1.00000000e+01
2
-4.75636244e-01	-4.47211228e-02	0.00000000e+00	1.00000000e+01
4.75636244e-01	4.47211228e-02	0.00000000e+00	1.00000000e+01
2
-4.81724471e-01	-3.78666744e-02	0.00000000e+00	1.00000000e+01
4.81724471e-01	3.78666744e-02	0.00000000e+00	1.00000000e+01
2
-4.86734599e-01	-3.09285596e-02	0.00000000e+00	1.00000000e+01
4.86734599e-01	3.09285596e-02	0.00000000e+00	1.00000000e+01
2
-4.90709394e-01	-2.39237342e-02	0.00000000e+00	1.00000000e+01
4.90709394e-01	2.39237342e-02	0.00000000e+00	1.00000000e+01
2
-4.93634075e-01	-1.68676265e-02	0.00000000e+00	1.00000000e+01
4.93634075e-01	1.68676265e-02	0.00000000e+00	1.00000000e+01
2
-4.95545328e-01	-9.77718830e-03	0.00000000e+00	1.00000000e+01
4.95545328e-01	9.77718830e-03	0.00000000e+00	1.00000000e+01
2
-4.96434569e-01	-2.66638212e-03	0.00000000e+00	1.00000000e+01
4.96434569e-01	2.66638212e-03	0.00000000e+00	1.00000000e+01
2
-4.96306956e-01	4.44956869e-03	0.00000000e+00	1.00000000e+01
4.96306956e-01	-4.44956869e-03	0.00000000e+00	1.00000000e+01
2
-4.95176107e-01	1.15564587e-02	0.00000000e+00	1.00000000e+01
4.95176107e-01	-1.15564587e-02	0.00000000e+00	1.00000000e+01
2
-4.93007720e-01	1.86402239e-02	0.00000000e+00	1.00000000e+01
4.93007720e-01	-1.86402239e-02	0.00000000e+00	1.00000000e+01
2
-4.89829749e-01	2.56840847e-02	0.00000000e+00	1.00000000e+01
4.89829749e-01	-2.56840847e-02	0.00000000e+00	1.00000000e+01
2
-4.85598773e-01	3.26744020e-02	0.00000000e+00	1.00000000e+01
4.85598773e-01	-3.26744020e-02	0.00000000e+00	1.00000000e+01
2
-4.80331719e-01	3.95938531e-02	0.00000000e+00	1.00000000e+01
4.80331719e-01	-3.95938531e-02	0.00000000e+00	1.00000000e+01
2
-4.73972231e-01	4.64229994e-02	0.00000000e+00	1.00000000e+01
4.73972231e-01	-4.64229994e-02	0.00000000e+00	1.00000000e+01
2
-4.66524839e-01	5.31458333e-02	0.00000000e+00	1.00000000e+01
4.66524839e-01	-5.31458333e-02	0.00000000e+00	1.00000000e+01
2
-4.57952917e-01	5.97397573e-02	0.00000000e+00	1.00000000e+01
4.57952917e-01	-5.97397573e-02	0.00000000e+00	1.00000000e+01
2
-4.48216110e-01	6.61820471e-02	0.00000000e+00	1.00000000e+01
4.48216110e-01	-6.61820471e-02	0.00000000e+00	1.00000000e+01
2
-4.37270671e-01	7.24453479e-02	0.00000000e+00	1.00000000e+01
4.37270671e-01	-7.24453479e-02	0.00000000e+00	1.00000000e+01
2
-4.25070524e-01	7.85010681e-02	0.00000000e+00	1.00000000e+01
4.25070524e-01	-7.85010681e-02	0.00000000e+00	1.00000000e+01
2
-4.11558568e-01	8.43127519e-02	0.00000000e+00	1.00000000e+01
4.11558568e-01	-8.43127519e-02	0.00000000e+00	1.00000000e+01
2
-3.96655440e-01	8.98395479e-02	0.00000000e+00	1.00000000e+01
3.96655440e-01	-8.98395479e-02	0.00000000e+00	1.00000000e+01
2
-3.80275220e-01	9.50321257e-02	0.00000000e+00	1.00000000e+01
3.80275220e-01	-9.50321257e-02	0.00000000e+00	1.00000000e+01
2
-3.62308770e-01	9.98294279e-02	0.00000000e+00	1.00000000e+01
3.62308770e-01	-9.98294279e-02	0.00000000e+00	1.00000000e+01
2
-3.42638969e-01	1.04154184e-01	0.00000000e+00	1.00000000e+01
3.42638969e-01	-1.04154184e-01	0.00000000e+00	1.00000000e+01
2
-3.21103841e-01	1.07908309e-01	0.00000000e+00	1.00000000e+01
3.21103841e-01	-1.07908309e-01	0.00000000e+00	1.00000000e+01
2
-2.97492474e-01	1.10966153e-01	0.00000000e+00	1.00000000e+01
2.97492474e-01	-1.10966153e-01	0.00000000e+00	1.00000000e+01
2
-2.71555334e-01	1.13151170e-01	0.00000000e+00	1.00000000e+01
2.71555334e-01	-1.13151170e-01	0.00000000e+00	1.00000000e+01
2
-2.42940918e-01	1.14214733e-01	0.00000000e+00	1.00000000e+01
2.42940918e-01	-1.14214733e-01	0.00000000e+00	1.00000000e+01
2
-2.11168304e-01	1.13784701e-01	0.00000000e+00	1.00000000e+01
2.11168304e-01	-1.13784701e-01	0.00000000e+00	1.00000000e+01
2
-1.75539747e-01	1.11257426e-01	0.00000000e+00	1.00000000e+01
1.75539747e-01	-1.11257426e-01	0.00000000e+00	1.00000000e+01
2
-1.34961829e-01	1.05544552e-01	0.00000000e+00	1.00000000e+01
1.34961829e-01	-1.05544552e-01	0.00000000e+00	1.00000000e+01
2
-8.75353143e-02	9.43115652e-02	0.00000000e+00	1.00000000e+01
8.75353143e-02	-9.43115652e-02	0.00000000e+00	1.00000000e+01
2
-2.95299292e-02	7.05728233e-02	0.00000000e+00	1.00000000e+01
2.95299292e-02	-7.05728233e-02	0.00000000e+00	1.00000000e+01
2
2.54548956e-02	-9.08613484e-03	0.00000000e+00	1.00000000e+01
-2.54548956e-02	9.08613484e-03	0.00000000e+00	1.00000000e+01
2
-3.83329540e-02	-7.51354247e-02	0.00000000e+00	1.00000000e+01
3.83329540e-02	7.51354247e-02	0.00000000e+00	1.00000000e+01
2
-9.45581645e-02	-9.61889103e-02	0.00000000e+00	1.00000000e+01
9.45581645e-02	9.61889103e-02	0.00000000e+00	1.00000000e+01
2
-1.40859053e-01	-1.06350996e-01	0.00000000e+00	1.00000000e+01
1.40859053e-01	1.06350996e-01	0.00000000e+00	1.00000000e+01
2
-1.80632487e-01	-1.11448810e-01	0.00000000e+00	1.00000000e+01
1.80632487e-01	1.11448810e-01	0.00000000e+00	1.00000000e+01
2
-2.15627566e-01	-1.13556333e-01	0.00000000e+00	1.00000000e+01
2.15627566e-01	1.13556333e-01	0.00000000e+00	1.00000000e+01
2
-2.46869862e-01	-1.13669612e-01	0.00000000e+00	1.00000000e+01
2.46869862e-01	1.13669612e-01	0.00000000e+00	1.00000000e+01
2
-2.75021613e-01	-1.12351567e-01	0.00000000e+00	1.00000000e+01
2.75021613e-01	1.12351567e-01	0.00000000e+00	1.00000000e+01
2
-3.00543487e-01	-1.09952554e-01	0.00000000e+00	1.00000000e+01
3.00543487e-01	1.09952554e-01	0.00000000e+00	1.00000000e+01
2
-3.23763728e-01	-1.06709830e-01	0.00000000e+00	1.00000000e+01
3.23763728e-01	1.06709830e-01	0.00000000e+00	1.00000000e+01
2
-3.44934225e-01	-1.02790169e-01	0.00000000e+00	1.00000000e+01
3.44934225e-01	1.02790169e-01	0.00000000e+00	1.00000000e+01
2
-3.64253849e-01	-9.83162746e-02	0.00000000e+00	1.00000000e+01
3.64253849e-01	9.83162746e-02	0.00000000e+00	1.00000000e+01
2
-3.81880760e-01	-9.33828875e-02	0.00000000e+00	1.00000000e+01
3.81880760e-01	9.33828875e-02	0.00000000e+00	1.00000000e+01
2
-3.97927731e-01	-8.80654678e-02	0.00000000e+00	1.00000000e+01
3.97927731e-01	8.80654678e-02	0.00000000e+00	1.00000000e+01
2
-4.12508875e-01	-8.24210942e-02	0.00000000e+00	1.00000000e+01
4.12508875e-01	8.24210942e-02	0.00000000e+00	1.00000000e+01
2
-4.25693572e-01	-7.64987469e-02	0.00000000e+00	1.00000000e+01
4.25693572e-01	7.64987469e-02	0.00000000e+00	1.00000000e+01
2
-4.37571555e-01	-7.03398734e-02	0.00000000e+00	1.00000000e+01
4.37571555e-01	7.03398734e-02	0.00000000e+00	1.00000000e+01
2
-4.48192805e-01	-6.39812350e-02	0.00000000e+00	1.00000000e+01
4.48192805e-01	6.39812350e-02	0.00000000e+00	1.00000000e+01
2
-4.57601964e-01	-5.74458539e-02	0.00000000e+00	1.00000000e+01
4.57601964e-01	5.74458539e-02	0.00000000e+00	1.00000000e+01
2
-4.65841115e-01	-5.07644117e-02	0.00000000e+00	1.00000000e+01
4.65841115e-01	5.07644117e-02	0.00000000e+00	1.00000000e+01
2
-4.72948939e-01	-4.39605825e-02	0.00000000e+00	1.00000000e+01
4.72948939e-01	4.39605825e-02	0.00000000e+00	1.00000000e+01
2
-4.78960097e-01	-3.70551310e-02	0.00000000e+00	1.00000000e+01
4.78960097e-01	3.70551310e-02	0.00000000e+00	1.00000000e+01
2
-4.83884722e-01	-3.00641004e-02	0.00000000e+00	1.00000000e+01
4.83884722e-01	3.00641004e-02	0.00000000e+00	1.00000000e+01
2
-4.87748057e-01	-2.30080616e-02	0.00000000e+00	1.00000000e+01
4.87748057e-01	2.30080616e-02	0.00000000e+00	1.00000000e+01
2
-4.90566730e-01	-1.59030892e-02	0.00000000e+00	1.00000000e+01
4.90566730e-01	1.59030892e-02	0.00000000e+00	1.00000000e+01
2
-4.92344677e-01	-8.76315497e-03	0.00000000e+00	1.00000000e+01
4.92344677e-01	8.76315497e-03	0.00000000e+00	1.00000000e+01
2
-4.93092299e-01	-1.60533143e-03	0.00000000e+00	1.00000000e+01
4.93092299e-01	1.60533143e-03	0.00000000e+00	1.00000000e+01
2
-4.92814690e-01	5.55571308e-03	0.00000000e+00	1.00000000e+01
4.92814690e-01	-5.55571308e-03	0.00000000e+00	1.00000000e+01
2
-4.91500735e-01	1.27057992e-02	0.00000000e+00	1.00000000e+01
4.91500735e-01	-1.27057992e-02	0.00000000e+00	1.00000000e+01
2
-4.89162564e-01	1.98281854e-02	0.00000000e+00	1.00000000e+01
4.89162564e-01	-1.98281854e-02	0.00000000e+00	1.00000000e+01
2
-4.85770077e-01	2.69082151e-02	0.00000000e+00	1.00000000e+01
4.85770077e-01	-2.69082151e-02	0.00000000e+00	1.00000000e+01
2
-4.81331885e-01	3.39312293e-02	0.00000000e+00	1.00000000e+01
4.81331885e-01	-3.39312293e-02	0.00000000e+00	1.00000000e+01
2
-4.75819170e-01	4.08765562e-02	0.00000000e+00	1.00000000e+01
4.75819170e-01	-4.08765562e-02	0.00000000e+00	1.00000000e+01
2
-4.69209701e-01	4.77298684e-02	0.00000000e+00	1.00000000e+01
4.69209701e-01	-4.77298684e-02	0.00000000e+00	1.00000000e+01
2
-4.61486846e-01	5.44670559e-02	0.00000000e+00	1.00000000e+01
4.61486846e-01	-5.44670559e-02	0.00000000e+00	1.00000000e+01
2
-4.52613771e-01	6.10697903e-02	0.00000000e+00	1.00000000e+01
4.52613771e-01	-6.10697903e-02	0.00000000e+00	1.00000000e+01
2
-4.42550093e-01	6.75128177e-02	0.00000000e+00	1.00000000e+01
4.42550093e-01	-6.75128177e-02	0.00000000e+00	1.00000000e+01
2
-4.31252331e-01	7.37682283e-02	0.00000000e+00	1.00000000e+01
4.31252331e-01	-7.37682283e-02	0.00000000e+00	1.00000000e+01
2
-4.18674529e-01	7.97996223e-02	0.00000000e+00	1.00000000e+01
4.18674529e-01	-7.97996223e-02	0.00000000e+00	1.00000000e+01
2
-4.04730499e-01	8.55747834e-02	0.00000000e+00	1.00000000e+01
4.04730499e-01	-8.55747834e-02	0.00000000e+00	1.00000000e+01
2
-3.89362007e-01	9.10451859e-02	0.00000000e+00	1.00000000e+01
3.89362007e-01	-9.10451859e-02	0.00000000e+00	1.00000000e+01
2
-3.72473091e-01	9.61596817e-02	0.00000000e+00	1.00000000e+01
3.72473091e-01	-9.61596817e-02	0.00000000e+00	1.00000000e+01
2
-3.53939563e-01	1.00850977e-01	0.00000000e+00	1.00000000e+01
3.53939563e-01	-1.00850977e-01	0.00000000e+00	1.00000000e+01
2
-3.33633453e-01	1.05034232e-01	0.00000000e+00	1.00000000e+01
3.33633453e-01	-1.05034232e-01	0.00000000e+00	1.00000000e+01
2
-3.11370939e-01	1.08600534e-01	0.00000000e+00	1.00000000e+01
3.11370939e-01	-1.08600534e-01	0.00000000e+00	1.00000000e+01
2
-2.86932707e-01	1.11405708e-01	0.00000000e+00	1.00000000e+01
2.86932707e-01	-1.11405708e-01	0.00000000e+00	1.00000000e+01
2
-2.60027587e-01	1.13248236e-01	0.00000000e+00	1.00000000e+01
2.60027587e-01	-1.13248236e-01	0.00000000e+00	1.00000000e+01
2
-2.30259955e-01	1.13837622e-01	0.00000000e+00	1.00000000e+01
2.30259955e-01	-1.13837622e-01	0.00000000e+00	1.00000000e+01
2
-1.97072715e-01	1.12724073e-01	0.00000000e+00	1.00000000e+01
1.97072715e-01	-1.12724073e-01	0.00000000e+00	1.00000000e+01
2
-1.59635916e-01	1.09151743e-01	0.00000000e+00	1.00000000e+01
1.59635916e-01	-1.09151743e-01	0.00000000e+00	1.00000000e+01
2
-1.16597064e-01	1.01672776e-01	0.00000000e+00	1.00000000e+01
1.16597064e-01	-1.01672776e-01	0.00000000e+00	1.00000000e+01
2
-6.54829815e-02	8.68339092e-02	0.00000000e+00	1.00000000e+01
6.54829815e-02	-8.68339092e-02	0.00000000e+00	1.00000000e+01
2
-1.64077978e-03	5.13451882e-02	0.00000000e+00	1.00000000e+01
1.64077978e-03	-5.13451882e-02	0.00000000e+00	1.00000000e+01
2
1.63974718e-03	-4.83524352e-02	0.00000000e+00	1.00000000e+01
-1.63974718e-03	4.83524352e-02	0.00000000e+00	1.00000000e+01
2
-6.28681853e-02	-8.57390985e-02	0.00000000e+00	1.00000000e+01
6.28681853e-02	8.57390985e-02	0.00000000e+00	1.00000000e+01
2
-1.14438787e-01	-1.01006649e-01	0.00000000e+00	1.00000000e+01
1.14438787e-01	1.01006649e-01	0.00000000e+00	1.00000000e+01
2
-1.57753929e-01	-1.08641371e-01	0.00000000e+00	1.00000000e+01
1.57753929e-01	1.08641371e-01	0.00000000e+00	1.00000000e+01
2
-1.95369497e-01	-1.12271123e-01	0.00000000e+00	1.00000000e+01
1.95369497e-01	1.12271123e-01	0.00000000e+00	1.00000000e+01
2
-2.28674844e-01	-1.13394670e-01	0.00000000e+00	1.00000000e+01
2.28674844e-01	1.13394670e-01	0.00000000e+00	1.00000000e+01
2
-2.58520037e-01	-1.12789705e-01	0.00000000e+00	1.00000000e+01
2.58520037e-01	1.12789705e-01	0.00000000e+00	1.00000000e+01
2
-2.85471708e-01	-1.10914677e-01	0.00000000e+00	1.00000000e+01
2.85471708e-01	1.10914677e-01	0.00000000e+00	1.00000000e+01
2
-3.09931606e-01	-1.08067364e-01	0.00000000e+00	1.00000000e+01
3.09931606e-01	1.08067364e-01	0.00000000e+00	1.00000000e+01
2
-3.32194239e-01	-1.04451194e-01	0.00000000e+00	1.00000000e+01
3.32194239e-01	1.04451194e-01	0.00000000e+00	1.00000000e+01
2
-3.52483630e-01	-1.00215137e-01	0.00000000e+00	1.00000000e+01
3.52483630e-01	1.00215137e-01	0.00000000e+00	1.00000000e+01
2
-3.70982409e-01	-9.54657495e-02	0.00000000e+00	1.00000000e+01
3.70982409e-01	9.54657495e-02	0.00000000e+00	1.00000000e+01
2
-3.87826711e-01	-9.02908817e-02	0.00000000e+00	1.00000000e+01
3.87826711e-01	9.02908817e-02	0.00000000e+00	1.00000000e+01
2
-4.03134733e-01	-8.47593918e-02	0.00000000e+00	1.00000000e+01
4.03134733e-01	8.47593918e-02	0.00000000e+00	1.00000000e+01
2
-4.17000741e-01	-7.89211839e-02	0.00000000e+00	1.00000000e+01
4.17000741e-01	7.89211839e-02	0.00000000e+00	1.00000000e+01
2
-4.29502279e-01	-7.28269443e-02	0.00000000e+00	1.00000000e+01
4.29502279e-01	7.28269443e-02	0.00000000e+00	1.00000000e+01
2
-4.40708011e-01	-6.65089935e-02	0.00000000e+00	1.00000000e+01
4.40708011e-01	6.65089935e-02	0.00000000e+00	1.00000000e+01
2
-4.50660557e-01	-6.00069948e-02	0.00000000e+00	1.00000000e+01
4.50660557e-01	6.00069948e-02	0.00000000e+00	1.00000000e+01
2
-4.59417701e-01	-5.33428229e-02	0.00000000e+00	1.00000000e+01
4.59417701e-01	5.33428229e-02	0.00000000e+00	1.00000000e+01
2
-4.67012703e-01	-4.65433784e-02	0.00000000e+00	1.00000000e+01
4.67012703e-01	4.65433784e-02	0.00000000e+00	1.00000000e+01
2
-4.73471105e-01	-3.96312848e-02	0.00000000e+00	1.00000000e+01
4.73471105e-01	3.96312848e-02	0.00000000e+00	1.00000000e+01
2
-4.78831351e-01	-3.26265879e-02	0.00000000e+00	1.00000000e+01
4.78831351e-01	3.26265879e-02	0.00000000e+00	1.00000000e+01
2
-4.83115822e-01	-2.55504642e-02	0.00000000e+00	1.00000000e+01
4.83115822e-01	2.55504642e-02	0.00000000e+00	1.00000000e+01
2
-4.86317784e-01	-1.84154660e-02	0.00000000e+00	1.00000000e+01
4.86317784e-01	1.84154660e-02	0.00000000e+00	1.00000000e+01
2
-4.88482326e-01	-1.12400418e-02	0.00000000e+00	1.00000000e+01
4.88482326e-01	1.12400418e-02	0.00000000e+00	1.00000000e+01
2
-4.89580899e-01	-4.04105987e-03	0.00000000e+00	1.00000000e+01
4.89580899e-01	4.04105987e-03	0.00000000e+00	1.00000000e+01
2
-4.89654928e-01	3.16654099e-03	0.00000000e+00	1.00000000e+01
4.89654928e-01	-3.16654099e-03	0.00000000e+00	1.00000000e+01
2
-4.88667428e-01	1.03674605e-02	0.00000000e+00	1.00000000e+01
4.88667428e-01	-1.03674605e-02	0.00000000e+00	1.00000000e+01
2
-4.86650974e-01	1.75471492e-02	0.00000000e+00	1.00000000e+01
4.86650974e-01	-1.75471492e-02	0.00000000e+00	1.00000000e+01
2
-4.83564615e-01	2.46869195e-02	0.00000000e+00	1.00000000e+01
4.83564615e-01	-2.46869195e-02	0.00000000e+00	1.00000000e+01
2
-4.79423672e-01	3.17720883e-02	0.00000000e+00	1.00000000e+01
4.79423672e-01	-3.17720883e-02	0.00000000e+00	1.00000000e+01
2
-4.74200755e-01	3.87858301e-02	0.00000000e+00	1.00000000e+01
4.74200755e-01	-3.87858301e-02	0.00000000e+00	1.00000000e+01
2
-4.67869788e-01	4.57115024e-02	0.00000000e+00	1.00000000e+01
4.67869788e-01	-4.57115024e-02	0.00000000e+00	1.00000000e+01
2
-4.60417360e-01	5.25245368e-02	0.00000000e+00	1.00000000e+01
4.60417360e-01	-5.25245368e-02	0.00000000e+00	1.00000000e+01
2
-4.51808333e-01	5.92068359e-02	0.00000000e+00	1.00000000e+01
4.51808333e-01	-5.92068359e-02	0.00000000e+00	1.00000000e+01
2
-4.42003936e-01	6.57315329e-02	0.00000000e+00	1.00000000e+01
4.42003936e-01	-6.57315329e-02	0.00000000e+00	1.00000000e+01
2
-4.30962145e-01	7.20708817e-02	0.00000000e+00	1.00000000e+01
4.30962145e-01	-7.20708817e-02	0.00000000e+00	1.00000000e+01
2
-4.18630034e-01	7.81963170e-02	0.00000000e+00	1.00000000e+01
4.18630034e-01	-7.81963170e-02	0.00000000e+00	1.00000000e+01
2
-4.04936731e-01	8.40653628e-02	0.00000000e+00	1.00000000e+01
4.04936731e-01	-8.40653628e-02	0.00000000e+00	1.00000000e+01
2
-3.89811933e-01	8.96396562e-02	0.00000000e+00	1.00000000e+01
3.89811933e-01	-8.96396562e-02	0.00000000e+00	1.00000000e+01
2
-3.73167455e-01	9.48612466e-02	0.00000000e+00	1.00000000e+01
3.73167455e-01	-9.48612466e-02	0.00000000e+00	1.00000000e+01
2
-3.54878306e-01	9.96654332e-02	0.00000000e+00	1.00000000e+01
3.54878306e-01	-9.96654332e-02	0.00000000e+00	1.00000000e+01
2
-3.34822446e-01	1.03970177e-01	0.00000000e+00	1.00000000e+01
3.34822446e-01	-1.03970177e-01	0.00000000e+00	1.00000000e+01
2
-3.12814087e-01	1.07669525e-01	0.00000000e+00	1.00000000e+01
3.12814087e-01	-1.07669525e-01	0.00000000e+00	1.00000000e+01
2
-2.88640767e-01	1.10621214e-01	0.00000000e+00	1.00000000e+01
2.88640767e-01	-1.10621214e-01	0.00000000e+00	1.00000000e+01
2
-2.62018949e-01	1.12629950e-01	0.00000000e+00	1.00000000e+01
2.62018949e-01	-1.12629950e-01	0.00000000e+00	1.00000000e+01
2
-2.32560322e-01	1.13412336e-01	0.00000000e+00	1.00000000e+01
2.32560322e-01	-1.13412336e-01	0.00000000e+00	1.00000000e+01
2
-1.99724331e-01	1.12535648e-01	0.00000000e+00	1.00000000e+01
1.99724331e-01	-1.12535648e-01	0.00000000e+00	1.00000000e+01
2
-1.62705675e-01	1.09276414e-01	0.00000000e+00	1.00000000e+01
1.62705675e-01	-1.09276414e-01	0.00000000e+00	1.00000000e+01
2
-1.20205849e-01	1.02266118e-01	0.00000000e+00	1.00000000e+01
1.20205849e-01	-1.02266118e-01	0.00000000e+00	1.00000000e+01
2
-6.98725805e-02	8.83132294e-02	0.00000000e+00	1.00000000e+01
6.98725805e-02	-8.83132294e-02	0.00000000e+00	1.00000000e+01
2
-7.14836409e-03	5.58145382e-02	0.00000000e+00	1.00000000e+01
7.14836409e-03	-5.58145382e-02	0.00000000e+00	1.00000000e+01
2
7.07210833e-03	-4.28837612e-02	0.00000000e+00	1.00000000e+01
-7.07210833e-03	4.28837612e-02	0.00000000e+00	1.00000000e+01
2
-5.84395267e-02	-8.39215890e-02	0.00000000e+00	1.00000000e+01
5.84395267e-02	8.39215890e-02	0.00000000e+00	1.00000000e+01
2
-1.10801876e-01	-1.00015104e-01	0.00000000e+00	1.00000000e+01
1.10801876e-01	1.00015104e-01	0.00000000e+00	1.00000000e+01
2
-1.54608294e-01	-1.07985973e-01	0.00000000e+00	1.00000000e+01
1.54608294e-01	1.07985973e-01	0.00000000e+00	1.00000000e+01
2
-1.92559227e-01	-1.11778498e-01	0.00000000e+00	1.00000000e+01
1.92559227e-01	1.11778498e-01	0.00000000e+00	1.00000000e+01
2
-2.26105347e-01	-1.12982832e-01	0.00000000e+00	1.00000000e+01
2.26105347e-01	1.12982832e-01	0.00000000e+00	1.00000000e+01
2
-2.56128430e-01	-1.12412520e-01	0.00000000e+00	1.00000000e+01
2.56128430e-01	1.12412520e-01	0.00000000e+00	1.00000000e+01
2
-2.83210456e-01	-1.10544689e-01	0.00000000e+00	1.00000000e+01
2.83210456e-01	1.10544689e-01	0.00000000e+00	1.00000000e+01
2
-3.07765514e-01	-1.07685320e-01	0.00000000e+00	1.00000000e+01
3.07765514e-01	1.07685320e-01	0.00000000e+00	1.00000000e+01
2
-3.30093563e-01	-1.04045458e-01	0.00000000e+00	1.00000000e+01
3.30093563e-01	1.04045458e-01	0.00000000e+00	1.00000000e+01
2
-3.50422651e-01	-9.97737944e-02	0.00000000e+00	1.00000000e+01
3.50422651e-01	9.97737944e-02	0.00000000e+00	1.00000000e+01
2
-3.68943751e-01	-9.49857011e-02	0.00000000e+00	1.00000000e+01
3.68943751e-01	9.49857011e-02	0.00000000e+00	1.00000000e+01
2
-3.85791510e-01	-8.97663161e-02	0.00000000e+00	1.00000000e+01
3.85791510e-01	8.97663161e-02	0.00000000e+00	1.00000000e+01
2
-4.01087403e-01	-8.41833502e-02	0.00000000e+00	1.00000000e+01
4.01087403e-01	8.41833502e-02	0.00000000e+00	1.00000000e+01
2
-4.14924115e-01	-7.82949105e-02	0.00000000e+00	1.00000000e+01
4.14924115e-01	7.82949105e-02	0.00000000e+00	1.00000000e+01
2
-4.27388698e-01	-7.21457452e-02	0.00000000e+00	1.00000000e+01
4.27388698e-01	7.21457452e-02	0.00000000e+00	1.00000000e+01
