3
-5.00000000e-01	0.00000000e+00	0.00000000e+00	1.00000000e+01
5.00000000e-01	0.00000000e+00	0.00000000e+00	1.00000000e+01
1.00000001e-01	2.00000000e+00	0.00000000e+00	1.00000000e+01
3
-4.99474078e-01	7.17781531e-03	-1.47210102e-07	1.00000000e+01
4.99486327e-01	-6.94985734e-03	-1.56383379e-07	1.00000000e+01
1.00000001e-01	2.00000000e+00	-8.00005905e-03	1.00000000e+01
3
-4.97866094e-01	1.45625565e-02	-1.18385231e-06	1.00000000e+01
4.97904032e-01	-1.36512918e-02	-1.24508699e-06	1.00000000e+01
9.99909416e-02	1.99917638e+00	-1.59996841e-02	1.00000000e+01
3
-4.95189965e-01	2.21416820e-02	-4.01900070e-06	1.00000000e+01
4.95285034e-01	-2.00911574e-02	-4.18460604e-06	1.00000000e+01
9.99164358e-02	1.99798429e+00	-2.39904318e-02	1.00000000e+01
3
-4.91435349e-01	2.99021211e-02	-9.58592136e-06	1.00000000e+01
4.91590768e-01	-2.62555163e-02	-9.88068587e-06	1.00000000e+01
9.98419300e-02	1.99669731e+00	-3.19794752e-02	1.00000000e+01
3
-4.86568511e-01	3.78314145e-02	-1.88455997e-05	1.00000000e+01
4.86827821e-01	-3.21300402e-02	-1.92293992e-05	1.00000000e+01
9.97674242e-02	1.99431312e+00	-3.99515964e-02	1.00000000e+01
3
-4.80591595e-01	4.59141694e-02	-3.27927810e-05	1.00000000e+01
4.80981350e-01	-3.76981609e-02	-3.31224182e-05	1.00000000e+01
9.96284038e-02	1.99192894e+00	-4.79237176e-02	1.00000000e+01
3
-4.73477751e-01	5.41350469e-02	-5.24581919e-05	1.00000000e+01
4.74006355e-01	-4.29431386e-02	-5.24483330e-05	1.00000000e+01
9.94793922e-02	1.98895872e+00	-5.58958389e-02	1.00000000e+01
3
-4.65196460e-01	6.24791868e-02	-7.89158948e-05	1.00000000e+01
4.65896785e-01	-4.78452295e-02	-7.80988557e-05	1.00000000e+01
9.93251726e-02	1.98538244e+00	-6.38422966e-02	1.00000000e+01
3
-4.55713391e-01	7.09303468e-02	-1.13286995e-04	1.00000000e+01
4.56617564e-01	-5.23831695e-02	-1.10971254e-04	1.00000000e+01
9.91016552e-02	1.98180616e+00	-7.17721581e-02	1.00000000e+01
3
-4.44991291e-01	7.94642493e-02	-1.56739508e-04	1.00000000e+01
4.46130216e-01	-5.65320551e-02	-1.51968517e-04	1.00000000e+01
9.88781378e-02	1.97710347e+00	-7.96697736e-02	1.00000000e+01
3
-4.32988763e-01	8.80502537e-02	-2.10502054e-04	1.00000000e+01
4.34387356e-01	-6.02640919e-02	-2.02009091e-04	1.00000000e+01
9.86108705e-02	1.97233510e+00	-8.75673890e-02	1.00000000e+01
3
-4.19627428e-01	9.66929272e-02	-2.75863276e-04	1.00000000e+01
4.21323389e-01	-6.35459945e-02	-2.62027985e-04	1.00000000e+01
9.83128473e-02	1.96702516e+00	-9.54650044e-02	1.00000000e+01
3
-4.04860467e-01	1.05335601e-01	-3.54183605e-04	1.00000000e+01
4.06887144e-01	-6.63389340e-02	-3.32989526e-04	1.00000000e+01
9.79903191e-02	1.96106470e+00	-1.03297114e-01	1.00000000e+01
3
-3.88601869e-01	1.13913074e-01	-4.46895079e-04	1.00000000e+01
3.90991747e-01	-6.85974509e-02	-4.15882387e-04	1.00000000e+01
9.76177901e-02	1.95506203e+00	-1.11120224e-01	1.00000000e+01
3
-3.70753586e-01	1.22403324e-01	-5.55504172e-04	1.00000000e+01
3.73543769e-01	-7.02615902e-02	-5.11733058e-04	1.00000000e+01
9.72277746e-02	1.94790947e+00	-1.18931234e-01	1.00000000e+01
3
-3.51194441e-01	1.30744860e-01	-6.81602338e-04	1.00000000e+01
3.54419678e-01	-7.12641478e-02	-6.21624175e-04	1.00000000e+01
9.67807397e-02	1.94075692e+00	-1.26679838e-01	1.00000000e+01
3
-3.29776376e-01	1.38848111e-01	-8.26861826e-04	1.00000000e+01
3.33484083e-01	-7.15129748e-02	-7.46692531e-04	1.00000000e+01
9.63144749e-02	1.93277311e+00	-1.34428442e-01	1.00000000e+01
3
-3.06322306e-01	1.46605924e-01	-9.93037247e-04	1.00000000e+01
3.10539871e-01	-7.08922967e-02	-8.88162293e-04	1.00000000e+01
9.57929343e-02	1.92442846e+00	-1.42174006e-01	1.00000000e+01
3
-2.80591100e-01	1.53870776e-01	-1.18193438e-03	1.00000000e+01
2.85360664e-01	-6.92442060e-02	-1.04736432e-03	1.00000000e+01
9.52446759e-02	1.91554761e+00	-1.49773598e-01	1.00000000e+01
3
-2.52268553e-01	1.60435215e-01	-1.39540073e-03	1.00000000e+01
2.57632464e-01	-6.63489699e-02	-1.22579408e-03	1.00000000e+01
9.46486294e-02	1.90601087e+00	-1.57373190e-01	1.00000000e+01
3
-2.20942974e-01	1.65987775e-01	-1.63523259e-03	1.00000000e+01
2.26938009e-01	-6.18816316e-02	-1.42518745e-03	1.00000000e+01
9.40159708e-02	1.89612138e+00	-1.64972782e-01	1.00000000e+01
3
-1.86003283e-01	1.70031458e-01	-1.90300681e-03	1.00000000e+01
1.92671582e-01	-5.53343967e-02	-1.64771429e-03	1.00000000e+01
9.33454186e-02	1.88539255e+00	-1.72456861e-01	1.00000000e+01
3
-1.46540001e-01	1.71699092e-01	-2.19968986e-03	1.00000000e+01
1.53920442e-01	-4.58292849e-02	-1.89637637e-03	1.00000000e+01
9.26301107e-02	1.87437475e+00	-1.79907441e-01	1.00000000e+01
3
-1.01047449e-01	1.69260621e-01	-2.52444437e-03	1.00000000e+01
1.09177910e-01	-3.16203162e-02	-2.17618560e-03	1.00000000e+01
9.18850526e-02	1.86245382e+00	-1.87333509e-01	1.00000000e+01
3
-4.67486531e-02	1.58275202e-01	-2.86997040e-03	1.00000000e+01
5.56644611e-02	-8.25341698e-03	-2.49890261e-03	1.00000000e+01
9.10964832e-02	1.85019946e+00	-1.94635078e-01	1.00000000e+01
3
1.96879432e-02	1.18922956e-01	-3.18283145e-03	1.00000000e+01
-9.95323993e-03	4.41043302e-02	-2.92199780e-03	1.00000000e+01
9.02769193e-02	1.83708644e+00	-2.01936647e-01	1.00000000e+01
3
1.16886431e-03	2.81546824e-02	-3.27141979e-03	1.00000000e+01
9.41596646e-03	1.48513794e-01	-3.64154577e-03	1.00000000e+01
8.94380584e-02	1.82350659e+00	-2.09093392e-01	1.00000000e+01
3
-5.81931435e-02	9.80037476e-06	-3.52965202e-03	1.00000000e+01
6.96591213e-02	1.90950125e-01	-4.26877895e-03	1.00000000e+01
8.85439888e-02	1.80920148e+00	-2.16239229e-01	1.00000000e+01
3
-1.07121252e-01	-9.42362100e-03	-3.89155606e-03	1.00000000e+01
1.19496502e-01	2.15343326e-01	-4.87621129e-03	1.00000000e+01
8.76499191e-02	1.79420018e+00	-2.23242775e-01	1.00000000e+01
3
-1.48911685e-01	-1.12218447e-02	-4.32114117e-03	1.00000000e+01
1.62220329e-01	2.32787192e-01	-5.50556276e-03	1.00000000e+01
8.67133439e-02	1.77870297e+00	-2.30192557e-01	1.00000000e+01
3
-1.85565099e-01	-8.65119882e-03	-4.80790390e-03	1.00000000e+01
1.99826390e-01	2.46562183e-01	-6.17401069e-03	1.00000000e+01
8.57447684e-02	1.76218486e+00	-2.37047091e-01	1.00000000e+01
3
-2.18237132e-01	-3.14670475e-03	-5.34809381e-03	1.00000000e+01
2.33465955e-01	2.58120894e-01	-6.89205853e-03	1.00000000e+01
8.47761929e-02	1.74526489e+00	-2.43774951e-01	1.00000000e+01
3
-2.47658819e-01	4.52472642e-03	-5.94088435e-03	1.00000000e+01
2.63863117e-01	2.68247128e-01	-7.66748795e-03	1.00000000e+01
8.38076174e-02	1.72738349e+00	-2.50408322e-01	1.00000000e+01
3
-2.74327129e-01	1.39023941e-02	-6.58672117e-03	1.00000000e+01
2.91515380e-01	2.77429134e-01	-8.50718003e-03	1.00000000e+01
8.28390419e-02	1.70879734e+00	-2.56964833e-01	1.00000000e+01
3
-2.98593760e-01	2.46873014e-02	-7.28727644e-03	1.00000000e+01
3.16761613e-01	2.85948545e-01	-9.41754226e-03	1.00000000e+01
8.18704665e-02	1.68966591e+00	-2.63333231e-01	1.00000000e+01
3
-3.20720196e-01	3.66745777e-02	-8.04471597e-03	1.00000000e+01
3.39869410e-01	2.94071078e-01	-1.04048140e-02	1.00000000e+01
8.09018910e-02	1.66940033e+00	-2.69591719e-01	1.00000000e+01
3
-3.40911597e-01	4.97189015e-02	-8.86207912e-03	1.00000000e+01
3.61028850e-01	3.01916957e-01	-1.14754243e-02	1.00000000e+01
7.99333155e-02	1.64846396e+00	-2.75709093e-01	1.00000000e+01
3
-3.59314442e-01	6.37135729e-02	-9.74244252e-03	1.00000000e+01
3.80391926e-01	3.09665561e-01	-1.26359016e-02	1.00000000e+01
7.89647400e-02	1.62684751e+00	-2.81669557e-01	1.00000000e+01
3
-3.76064450e-01	7.85796791e-02	-1.06897922e-02	1.00000000e+01
3.98079574e-01	3.17414165e-01	-1.38931386e-02	1.00000000e+01
7.79984593e-02	1.60419774e+00	-2.87454873e-01	1.00000000e+01
3
-3.91240478e-01	9.42574814e-02	-1.17090279e-02	1.00000000e+01
4.14179087e-01	3.25162768e-01	-1.52547620e-02	1.00000000e+01
7.71043897e-02	1.58064032e+00	-2.93117315e-01	1.00000000e+01
3
-4.04932946e-01	1.10703535e-01	-1.28052961e-02	1.00000000e+01
4.28763539e-01	3.33136261e-01	-1.67286769e-02	1.00000000e+01
7.62103200e-02	1.55626762e+00	-2.98504204e-01	1.00000000e+01
3
-4.17188406e-01	1.27883509e-01	-1.39842778e-02	1.00000000e+01
4.41886574e-01	3.41269851e-01	-1.83237400e-02	1.00000000e+01
7.53370598e-02	1.53101373e+00	-3.03736687e-01	1.00000000e+01
3
-4.28069472e-01	1.45774841e-01	-1.52529711e-02	1.00000000e+01
4.53592837e-01	3.49678606e-01	-2.00493727e-02	1.00000000e+01
7.45174959e-02	1.50478768e+00	-3.08769077e-01	1.00000000e+01
3
-4.37603593e-01	1.64366618e-01	-1.66190956e-02	1.00000000e+01
4.63922024e-01	3.58413696e-01	-2.19168775e-02	1.00000000e+01
7.37197474e-02	1.47739315e+00	-3.13537449e-01	1.00000000e+01
3
-4.45818454e-01	1.83642894e-01	-1.80915184e-02	1.00000000e+01
4.72879946e-01	3.67506504e-01	-2.39381883e-02	1.00000000e+01
7.29746893e-02	1.44898319e+00	-3.18032622e-01	1.00000000e+01
3
-4.52719748e-01	2.03603715e-01	-1.96802896e-02	1.00000000e+01
4.80486304e-01	3.77013922e-01	-2.61269584e-02	1.00000000e+01
7.22796544e-02	1.41949308e+00	-3.22255164e-01	1.00000000e+01
3
-4.58330005e-01	2.24254608e-01	-2.13977639e-02	1.00000000e+01
4.86738652e-01	3.86995763e-01	-2.84990408e-02	1.00000000e+01
7.16300756e-02	1.38886070e+00	-3.26175988e-01	1.00000000e+01
3
-4.62627262e-01	2.45596156e-01	-2.32572630e-02	1.00000000e+01
4.91623044e-01	3.97505492e-01	-3.10728569e-02	1.00000000e+01
7.10384324e-02	1.35702455e+00	-3.29735607e-01	1.00000000e+01
3
-4.65608835e-01	2.67653942e-01	-2.52751224e-02	1.00000000e+01
4.95131105e-01	4.08581674e-01	-3.38693373e-02	1.00000000e+01
7.05168918e-02	1.32392573e+00	-3.32908601e-01	1.00000000e+01
3
-4.67247397e-01	2.90438026e-01	-2.74705198e-02	1.00000000e+01
4.97219861e-01	4.20281559e-01	-3.69132124e-02	1.00000000e+01
7.00674579e-02	1.28947377e+00	-3.35694313e-01	1.00000000e+01
3
-4.67514038e-01	3.13980520e-01	-2.98661515e-02	1.00000000e+01
4.97850031e-01	4.32694554e-01	-4.02345248e-02	1.00000000e+01
6.97006136e-02	1.25344193e+00	-3.37959558e-01	1.00000000e+01
3
-4.66344088e-01	3.38317156e-01	-3.24902795e-02	1.00000000e+01
4.96964931e-01	4.45852458e-01	-4.38689217e-02	1.00000000e+01
6.94234818e-02	1.21593153e+00	-3.39701265e-01	1.00000000e+01
3
-4.63686943e-01	3.63476604e-01	-3.53756845e-02	1.00000000e+01
4.94482875e-01	4.59862500e-01	-4.78602238e-02	1.00000000e+01
6.92402050e-02	1.17681694e+00	-3.40832978e-01	1.00000000e+01
3
-4.59442824e-01	3.89514536e-01	-3.85647602e-02	1.00000000e+01
4.90313441e-01	4.74814981e-01	-5.22638969e-02	1.00000000e+01
6.91739246e-02	1.13578534e+00	-3.41233969e-01	1.00000000e+01
3
-4.53516692e-01	4.16485041e-01	-4.21088152e-02	1.00000000e+01
4.84325767e-01	4.90787327e-01	-5.71491234e-02	1.00000000e+01
6.92371875e-02	1.09282577e+00	-3.40805888e-01	1.00000000e+01
3
-4.45758194e-01	4.44452465e-01	-4.60755080e-02	1.00000000e+01
4.76345003e-01	5.07931888e-01	-6.26067072e-02	1.00000000e+01
6.94579035e-02	1.04772162e+00	-3.39388102e-01	1.00000000e+01
3
-4.35976654e-01	4.73503351e-01	-5.05497344e-02	1.00000000e+01
4.66144770e-01	5.26381493e-01	-6.87576756e-02	1.00000000e+01
6.98731095e-02	1.00021553e+00	-3.36760968e-01	1.00000000e+01
3
-4.23912734e-01	5.03741622e-01	-5.56447394e-02	1.00000000e+01
4.53416854e-01	5.46309829e-01	-7.57668540e-02	1.00000000e+01
7.05411360e-02	9.50081766e-01	-3.32660794e-01	1.00000000e+01
3
-4.09228176e-01	5.35215199e-01	-6.15116246e-02	1.00000000e+01
4.37712491e-01	5.67936242e-01	-8.38712379e-02	1.00000000e+01
7.15614855e-02	8.96981001e-01	-3.26688945e-01	1.00000000e+01
3
-3.91451359e-01	5.68001032e-01	-6.83534220e-02	1.00000000e+01
4.18374717e-01	5.91493189e-01	-9.34235156e-02	1.00000000e+01
7.31192827e-02	8.40637028e-01	-3.18294823e-01	1.00000000e+01
3
-3.69910449e-01	6.02111518e-01	-7.64431581e-02	1.00000000e+01
3.94370139e-01	6.17240429e-01	-1.04970209e-01	1.00000000e+01
7.55839273e-02	7.80775964e-01	-3.06660563e-01	1.00000000e+01
3
-3.43681216e-01	6.37445211e-01	-8.61264169e-02	1.00000000e+01
3.63967478e-01	6.45248830e-01	-1.19402587e-01	1.00000000e+01
7.97600746e-02	7.17448831e-01	-2.90546864e-01	1.00000000e+01
3
-3.11543435e-01	6.73517168e-01	-9.77771580e-02	1.00000000e+01
3.24129015e-01	6.74886525e-01	-1.38175458e-01	1.00000000e+01
8.74606222e-02	6.51729524e-01	-2.68124312e-01	1.00000000e+01
3
-2.72087038e-01	7.09198356e-01	-1.11627236e-01	1.00000000e+01
2.69838601e-01	7.02762723e-01	-1.63233459e-01	1.00000000e+01
1.02294795e-01	5.88160396e-01	-2.37217024e-01	1.00000000e+01
3
-2.23936975e-01	7.43178725e-01	-1.27565518e-01	1.00000000e+01
1.96522847e-01	7.18852937e-01	-1.94572121e-01	1.00000000e+01
1.27460182e-01	5.38104355e-01	-1.97944999e-01	1.00000000e+01
3
-1.65105462e-01	7.73841023e-01	-1.45495504e-01	1.00000000e+01
1.08699948e-01	7.12296486e-01	-2.25337014e-01	1.00000000e+01
1.56454071e-01	5.14005125e-01	-1.57251477e-01	1.00000000e+01
3
-8.99973288e-02	7.97134280e-01	-1.67600989e-01	1.00000000e+01
1.29181556e-02	6.89861953e-01	-2.45976567e-01	1.00000000e+01
1.77128747e-01	5.13126791e-01	-1.22507118e-01	1.00000000e+01
3
3.69166629e-03	7.90705144e-01	-2.05105662e-01	1.00000000e+01
-8.91683102e-02	6.82967305e-01	-2.44336888e-01	1.00000000e+01
1.85527280e-01	5.26455045e-01	-9.46428925e-02	1.00000000e+01
3
8.34402740e-02	7.46931314e-01	-2.52271354e-01	1.00000000e+01
-1.66202545e-01	7.02706516e-01	-2.26307705e-01	1.00000000e+01
1.82814837e-01	5.50510883e-01	-7.35084340e-02	1.00000000e+01
3
1.51153281e-01	6.90217972e-01	-2.90730566e-01	1.00000000e+01
-2.21965000e-01	7.24848866e-01	-2.06710830e-01	1.00000000e+01
1.70866430e-01	5.85120082e-01	-6.26383275e-02	1.00000000e+01
3
2.12910801e-01	6.27766669e-01	-3.13954234e-01	1.00000000e+01
-2.66099423e-01	7.44891822e-01	-1.86903119e-01	1.00000000e+01
1.53247371e-01	6.27515078e-01	-6.72241971e-02	1.00000000e+01
3
2.67548949e-01	5.65935731e-01	-3.21673125e-01	1.00000000e+01
-3.01907867e-01	7.62816429e-01	-1.66779712e-01	1.00000000e+01
1.34417564e-01	6.71339095e-01	-8.76278728e-02	1.00000000e+01
3
3.14488351e-01	5.08953512e-01	-3.18982035e-01	1.00000000e+01
-3.30603987e-01	7.78914332e-01	-1.46514133e-01	1.00000000e+01
1.16177887e-01	7.12220430e-01	-1.18631117e-01	1.00000000e+01
3
3.54984134e-01	4.57428098e-01	-3.10854048e-01	1.00000000e+01
-3.52743268e-01	7.93593466e-01	-1.26371741e-01	1.00000000e+01
9.78224128e-02	7.49087691e-01	-1.54898807e-01	1.00000000e+01
3
3.90591174e-01	4.10518974e-01	-3.00139129e-01	1.00000000e+01
-3.68698657e-01	8.07099700e-01	-1.06897853e-01	1.00000000e+01
7.81718493e-02	7.82477021e-01	-1.93101287e-01	1.00000000e+01
3
4.22505319e-01	3.67236525e-01	-2.88198620e-01	1.00000000e+01
-3.78813148e-01	8.19806039e-01	-8.86160508e-02	1.00000000e+01
5.63724041e-02	8.13070297e-01	-2.31320709e-01	1.00000000e+01
3
4.51562792e-01	3.26798916e-01	-2.75732666e-01	1.00000000e+01
-3.83439004e-01	8.31854761e-01	-7.20557347e-02	1.00000000e+01
3.19460556e-02	8.41427326e-01	-2.68368185e-01	1.00000000e+01
3
4.78329748e-01	2.88646013e-01	-2.62944728e-01	1.00000000e+01
-3.82943094e-01	8.43535364e-01	-5.77224493e-02	1.00000000e+01
4.68614791e-03	8.67926180e-01	-3.03434610e-01	1.00000000e+01
3
5.03204107e-01	2.52366453e-01	-2.50129730e-01	1.00000000e+01
-3.77700657e-01	8.54860246e-01	-4.60989848e-02	1.00000000e+01
-2.54321732e-02	8.92811537e-01	-3.35878670e-01	1.00000000e+01
3
5.26469409e-01	2.17657030e-01	-2.37314731e-01	1.00000000e+01
-3.68099689e-01	8.66185129e-01	-3.76565009e-02	1.00000000e+01
-5.83078042e-02	9.16151106e-01	-3.65160227e-01	1.00000000e+01
3
5.48369169e-01	1.84310392e-01	-2.24499732e-01	1.00000000e+01
-3.54551733e-01	8.77510011e-01	-3.28658037e-02	1.00000000e+01
-9.37448964e-02	9.38095987e-01	-3.90765727e-01	1.00000000e+01
3
5.69026589e-01	1.52165130e-01	-2.11684734e-01	1.00000000e+01
-3.37500066e-01	8.89183819e-01	-3.22096162e-02	1.00000000e+01
-1.31460801e-01	9.58569467e-01	-4.12199616e-01	1.00000000e+01
3
5.88577926e-01	1.21095039e-01	-1.98981419e-01	1.00000000e+01
-3.17449600e-01	9.01173890e-01	-3.61932479e-02	1.00000000e+01
-1.71076581e-01	9.77611780e-01	-4.28945273e-01	1.00000000e+01
3
6.07174933e-01	9.10082683e-02	-1.86315432e-01	1.00000000e+01
-2.95005918e-01	9.13772583e-01	-4.53504324e-02	1.00000000e+01
-2.12093800e-01	9.95104373e-01	-4.40466136e-01	1.00000000e+01
3
6.24809742e-01	6.18337058e-02	-1.73649445e-01	1.00000000e+01
-2.70902216e-01	9.27101254e-01	-6.02413528e-02	1.00000000e+01
-2.53855944e-01	1.01098156e+00	-4.46197391e-01	1.00000000e+01
3
6.41674101e-01	3.35131735e-02	-1.61131412e-01	1.00000000e+01
-2.46151447e-01	9.41308379e-01	-8.14343244e-02	1.00000000e+01
-2.95458645e-01	1.02501786e+00	-4.45567787e-01	1.00000000e+01
3
6.57692671e-01	6.00020308e-03	-1.48614436e-01	1.00000000e+01
-2.21862644e-01	9.56656337e-01	-1.09457336e-01	1.00000000e+01
-3.35795790e-01	1.03722918e+00	-4.38040227e-01	1.00000000e+01
3
6.72994673e-01	-2.07448192e-02	-1.36211142e-01	1.00000000e+01
-1.99712187e-01	9.73331511e-01	-1.44694477e-01	1.00000000e+01
-3.73265147e-01	1.04733014e+00	-4.23223466e-01	1.00000000e+01
3
6.87636316e-01	-4.67573702e-02	-1.23850152e-01	1.00000000e+01
-1.81783944e-01	9.91513610e-01	-1.87191084e-01	1.00000000e+01
-4.05841857e-01	1.05513704e+00	-4.01062936e-01	1.00000000e+01
3
7.01653361e-01	-7.20724538e-02	-1.11605845e-01	1.00000000e+01
-1.70616090e-01	1.01136756e+00	-2.36337706e-01	1.00000000e+01
-4.31028664e-01	1.06066704e+00	-3.72156054e-01	1.00000000e+01
3
7.15086281e-01	-9.67251137e-02	-9.94768813e-02	1.00000000e+01
-1.68954670e-01	1.03254688e+00	-2.90461570e-01	1.00000000e+01
-4.46124136e-01	1.06409144e+00	-3.38169187e-01	1.00000000e+01
3
7.27981389e-01	-1.20750725e-01	-8.74546394e-02	1.00000000e+01
-1.79109544e-01	1.05487359e+00	-3.46533775e-01	1.00000000e+01
-4.48857218e-01	1.06588948e+00	-3.02139431e-01	1.00000000e+01
3
7.40389466e-01	-1.44181356e-01	-7.55622163e-02	1.00000000e+01
-2.01978371e-01	1.07752335e+00	-4.00330871e-01	1.00000000e+01
-4.38365519e-01	1.06708157e+00	-2.68240869e-01	1.00000000e+01
3
7.52310395e-01	-1.67056277e-01	-6.37821183e-02	1.00000000e+01
-2.36314073e-01	1.09904504e+00	-4.47511017e-01	1.00000000e+01
-4.15925682e-01	1.06827879e+00	-2.40835994e-01	1.00000000e+01
3
7.63690412e-01	-1.89402759e-01	-5.21239676e-02	1.00000000e+01
-2.78950095e-01	1.11882019e+00	-4.84895200e-01	1.00000000e+01
-3.84730756e-01	1.07090259e+00	-2.23107383e-01	1.00000000e+01
3
7.74694026e-01	-2.11243659e-01	-4.05845605e-02	1.00000000e+01
-3.25924844e-01	1.13639402e+00	-5.11193812e-01	1.00000000e+01
-3.48771095e-01	1.07513213e+00	-2.16345564e-01	1.00000000e+01
3
7.85380423e-01	-2.32603937e-01	-2.91628111e-02	1.00000000e+01
-3.73647749e-01	1.15153849e+00	-5.26787758e-01	1.00000000e+01
-3.11655164e-01	1.08140802e+00	-2.20173404e-01	1.00000000e+01
3
7.95513213e-01	-2.53486663e-01	-1.78543590e-02	1.00000000e+01
-4.19370413e-01	1.16432822e+00	-5.33029854e-01	1.00000000e+01
-2.76142359e-01	1.08938348e+00	-2.33244464e-01	1.00000000e+01
3
8.05349767e-01	-2.73915291e-01	-6.65337034e-03	1.00000000e+01
-4.61361885e-01	1.17505229e+00	-5.31599522e-01	1.00000000e+01
-2.43989989e-01	1.09918153e+00	-2.53867596e-01	1.00000000e+01
3
8.14886510e-01	-2.93922007e-01	4.44019446e-03	1.00000000e+01
-4.98604268e-01	1.18397236e+00	-5.24180293e-01	1.00000000e+01
-2.16227993e-01	1.11026442e+00	-2.80375004e-01	1.00000000e+01
3
8.23946536e-01	-3.13476741e-01	1.54184587e-02	1.00000000e+01
-5.30584216e-01	1.19142449e+00	-5.12236834e-01	1.00000000e+01
-1.93387315e-01	1.12232769e+00	-3.11280698e-01	1.00000000e+01
3
8.32887232e-01	-3.32648903e-01	2.62774900e-02	1.00000000e+01
-5.57107627e-01	1.19756067e+00	-4.97049391e-01	1.00000000e+01
-1.75679579e-01	1.13544071e+00	-3.45323712e-01	1.00000000e+01
3
8.41257274e-01	-3.51390809e-01	3.70168053e-02	1.00000000e+01
-5.78168988e-01	1.20261168e+00	-4.79673594e-01	1.00000000e+01
-1.63126394e-01	1.14898300e+00	-3.81435305e-01	1.00000000e+01
3
8.49601924e-01	-3.69747400e-01	4.76382859e-02	1.00000000e+01
-5.93868911e-01	1.20696890e+00	-4.60996836e-01	1.00000000e+01
-1.55634448e-01	1.16328812e+00	-4.18734521e-01	1.00000000e+01
3
8.57380688e-01	-3.87744665e-01	5.81387579e-02	1.00000000e+01
-6.04381323e-01	1.21054518e+00	-4.41746205e-01	1.00000000e+01
-1.53051794e-01	1.17759323e+00	-4.56520259e-01	1.00000000e+01
3
8.65129292e-01	-4.05389220e-01	6.85199127e-02	1.00000000e+01
-6.09890699e-01	1.21395886e+00	-4.22632486e-01	1.00000000e+01
-1.55190051e-01	1.19189835e+00	-4.94001150e-01	1.00000000e+01
3
8.72428060e-01	-4.22660857e-01	7.87781775e-02	1.00000000e+01
-6.10630572e-01	1.21634305e+00	-4.04206693e-01	1.00000000e+01
-1.61842734e-01	1.20620346e+00	-5.30726612e-01	1.00000000e+01
3
8.79580617e-01	-4.39589113e-01	8.89246911e-02	1.00000000e+01
-6.06810927e-01	1.21872723e+00	-3.86978686e-01	1.00000000e+01
-1.72793582e-01	1.22050858e+00	-5.66094398e-01	1.00000000e+01
3
8.86517882e-01	-4.56195831e-01	9.89485383e-02	1.00000000e+01
-5.98678350e-01	1.22111142e+00	-3.71441185e-01	1.00000000e+01
-1.87818736e-01	1.23481369e+00	-5.99692941e-01	1.00000000e+01
3
8.93074393e-01	-4.72488761e-01	1.08863018e-01	1.00000000e+01
-5.86472631e-01	1.22349560e+00	-3.58059466e-01	1.00000000e+01
-2.06681848e-01	1.24911880e+00	-6.31002724e-01	1.00000000e+01
3
8.99630904e-01	-4.88474935e-01	1.18663587e-01	1.00000000e+01
-5.70446551e-01	1.22587979e+00	-3.47296417e-01	1.00000000e+01
-2.29131535e-01	1.26223552e+00	-6.59588575e-01	1.00000000e+01
3
9.05730784e-01	-5.04163086e-01	1.28366873e-01	1.00000000e+01
-5.50899386e-01	1.22826397e+00	-3.39622200e-01	1.00000000e+01
-2.54888952e-01	1.27534854e+00	-6.84973836e-01	1.00000000e+01
3
9.11691248e-01	-5.19660294e-01	1.37944907e-01	1.00000000e+01
-5.28131604e-01	1.23151875e+00	-3.35523516e-01	1.00000000e+01
-2.83642471e-01	1.28752768e+00	-7.06672609e-01	1.00000000e+01
3
9.17651713e-01	-5.34675717e-01	1.47432461e-01	1.00000000e+01
-5.02531648e-01	1.23509502e+00	-3.35517049e-01	1.00000000e+01
-3.15011561e-01	1.29917181e+00	-7.24186182e-01	1.00000000e+01
3
9.23032463e-01	-5.49576879e-01	1.56820193e-01	1.00000000e+01
-4.74590600e-01	1.23929238e+00	-3.40159327e-01	1.00000000e+01
-3.48531246e-01	1.30989861e+00	-7.36935914e-01	1.00000000e+01
3
9.28396881e-01	-5.64086020e-01	1.66079849e-01	1.00000000e+01
-4.44862783e-01	1.24416327e+00	-3.50031495e-01	1.00000000e+01
-3.83627832e-01	1.31943536e+00	-7.44361103e-01	1.00000000e+01
3
9.33761299e-01	-5.78391135e-01	1.75260618e-01	1.00000000e+01
-4.14119363e-01	1.25012374e+00	-3.65754545e-01	1.00000000e+01
-4.19563800e-01	1.32771504e+00	-7.45828807e-01	1.00000000e+01
3
9.38553154e-01	-5.92448473e-01	1.84350327e-01	1.00000000e+01
-3.83384824e-01	1.25730789e+00	-3.87940079e-01	1.00000000e+01
-4.55268085e-01	1.33451641e+00	-7.40739703e-01	1.00000000e+01
3
9.43321526e-01	-6.06157541e-01	1.93303198e-01	1.00000000e+01
-3.54047775e-01	1.26594484e+00	-4.17130589e-01	1.00000000e+01
-4.89404649e-01	1.33978188e+00	-7.28541255e-01	1.00000000e+01
3
9.48089898e-01	-6.19812548e-01	2.02177182e-01	1.00000000e+01
-3.27879518e-01	1.27609897e+00	-4.53660756e-01	1.00000000e+01
-5.20193517e-01	1.34306943e+00	-7.08902955e-01	1.00000000e+01
3
9.52435493e-01	-6.32925570e-01	2.10968867e-01	1.00000000e+01
-3.07177514e-01	1.28804970e+00	-4.97404933e-01	1.00000000e+01
-5.45328438e-01	1.34440625e+00	-6.81951940e-01	1.00000000e+01
3
9.56607819e-01	-6.46038592e-01	2.19614938e-01	1.00000000e+01
-2.94663161e-01	1.30178690e+00	-5.47401905e-01	1.00000000e+01
-5.62111914e-01	1.34372687e+00	-6.48653567e-01	1.00000000e+01
3
9.60780144e-01	-6.58755839e-01	2.28182122e-01	1.00000000e+01
-2.93072224e-01	1.31704819e+00	-6.01413965e-01	1.00000000e+01
-5.67796111e-01	1.34113407e+00	-6.11260772e-01	1.00000000e+01
3
9.64858830e-01	-6.71272814e-01	2.36670420e-01	1.00000000e+01
-3.04311633e-01	1.33353758e+00	-6.55743599e-01	1.00000000e+01
-5.60493886e-01	1.33755779e+00	-5.73485434e-01	1.00000000e+01
3
9.68435109e-01	-6.83726907e-01	2.45015070e-01	1.00000000e+01
-3.28411430e-01	1.35019708e+00	-7.05839872e-01	1.00000000e+01
-5.40162683e-01	1.33398151e+00	-5.39786637e-01	1.00000000e+01
3
9.72011387e-01	-6.95647836e-01	2.53348589e-01	1.00000000e+01
-3.63108724e-01	1.36555183e+00	-7.47561038e-01	1.00000000e+01
-5.09082615e-01	1.33060837e+00	-5.14371455e-01	1.00000000e+01
3
9.75587666e-01	-7.07568765e-01	2.61486232e-01	1.00000000e+01
-4.04564708e-01	1.37928796e+00	-7.78470516e-01	1.00000000e+01
-4.71090615e-01	1.32874727e+00	-4.99665290e-01	1.00000000e+01
3
9.78988886e-01	-7.19237924e-01	2.69532859e-01	1.00000000e+01
-4.48736340e-01	1.39087546e+00	-7.98138201e-01	1.00000000e+01
-4.30235893e-01	1.32877743e+00	-4.96105075e-01	1.00000000e+01
3
9.81969118e-01	-7.30562806e-01	2.77579486e-01	1.00000000e+01
-4.92290139e-01	1.40028536e+00	-8.07561874e-01	1.00000000e+01
-3.89844030e-01	1.33069921e+00	-5.02694130e-01	1.00000000e+01
3
9.84949350e-01	-7.41887689e-01	2.85456359e-01	1.00000000e+01
-5.32976031e-01	1.40772641e+00	-8.08386505e-01	1.00000000e+01
-3.52176905e-01	1.33461368e+00	-5.17786860e-01	1.00000000e+01
3
9.87929583e-01	-7.52828300e-01	2.93204963e-01	1.00000000e+01
-5.69432259e-01	1.41324210e+00	-8.02369654e-01	1.00000000e+01
-3.18599284e-01	1.34002566e+00	-5.39631724e-01	1.00000000e+01
3
9.90843236e-01	-7.63557136e-01	3.00953567e-01	1.00000000e+01
-6.00932479e-01	1.41730464e+00	-7.91132808e-01	1.00000000e+01
-2.89844364e-01	1.34676754e+00	-5.66614449e-01	1.00000000e+01
3
9.93227422e-01	-7.74285972e-01	3.08569670e-01	1.00000000e+01
-6.27141058e-01	1.42006636e+00	-7.76032686e-01	1.00000000e+01
-2.66237676e-01	1.35460222e+00	-5.97351074e-01	1.00000000e+01
3
9.95611608e-01	-7.84570098e-01	3.16020250e-01	1.00000000e+01
-6.47983491e-01	1.42175782e+00	-7.58271694e-01	1.00000000e+01
-2.47867852e-01	1.36308670e+00	-6.30660653e-01	1.00000000e+01
3
9.97995794e-01	-7.94702888e-01	3.23470831e-01	1.00000000e+01
-6.63515627e-01	1.42277265e+00	-7.38747716e-01	1.00000000e+01
-2.34671384e-01	1.37262344e+00	-6.65619016e-01	1.00000000e+01
3
1.00037992e+00	-8.04835677e-01	3.30875307e-01	1.00000000e+01
-6.73882723e-01	1.42277265e+00	-7.18315601e-01	1.00000000e+01
-2.26515293e-01	1.38216019e+00	-7.01381803e-01	1.00000000e+01
3
1.00276411e+00	-8.14514399e-01	3.38027865e-01	1.00000000e+01
-6.79264784e-01	1.42277265e+00	-6.97453976e-01	1.00000000e+01
-2.23220468e-01	1.39235699e+00	-7.37144589e-01	1.00000000e+01
3
1.00514829e+00	-8.24051142e-01	3.45180422e-01	1.00000000e+01
-6.79862559e-01	1.42163908e+00	-6.77199006e-01	1.00000000e+01
-2.24588349e-01	1.40308583e+00	-7.72638142e-01	1.00000000e+01
3
1.00746226e+00	-8.33587885e-01	3.52332979e-01	1.00000000e+01
-6.75890803e-01	1.42044699e+00	-6.57808185e-01	1.00000000e+01
-2.30410576e-01	1.41381466e+00	-8.07130635e-01	1.00000000e+01
3
1.00865436e+00	-8.42769861e-01	3.59240741e-01	1.00000000e+01
-6.67560875e-01	1.41925490e+00	-6.39838159e-01	1.00000000e+01
-2.40471363e-01	1.42454350e+00	-8.40122521e-01	1.00000000e+01
3
1.00984645e+00	-8.51710558e-01	3.66095275e-01	1.00000000e+01
-6.55089438e-01	1.41806281e+00	-6.23715818e-01	1.00000000e+01
-2.54544139e-01	1.43527234e+00	-8.71160507e-01	1.00000000e+01
3
1.01103854e+00	-8.60651255e-01	3.72949809e-01	1.00000000e+01
-6.38740599e-01	1.41687071e+00	-6.09924853e-01	1.00000000e+01
-2.72395402e-01	1.44482219e+00	-8.99782598e-01	1.00000000e+01
3
1.01223063e+00	-8.69418561e-01	3.79658878e-01	1.00000000e+01
-6.18751407e-01	1.41567862e+00	-5.98921895e-01	1.00000000e+01
-2.93765068e-01	1.45435894e+00	-9.25530672e-01	1.00000000e+01
3
1.01342273e+00	-8.77763212e-01	3.86215389e-01	1.00000000e+01
-5.95408618e-01	1.41494095e+00	-5.91190040e-01	1.00000000e+01
-3.18369180e-01	1.46373367e+00	-9.47910547e-01	1.00000000e+01
3
1.01461482e+00	-8.86107862e-01	3.92771900e-01	1.00000000e+01
-5.69074631e-01	1.41494095e+00	-5.87226272e-01	1.00000000e+01
-3.45875412e-01	1.47207832e+00	-9.66435015e-01	1.00000000e+01
3
1.01580691e+00	-8.94452512e-01	3.99316669e-01	1.00000000e+01
-5.40124238e-01	1.41511464e+00	-5.87562621e-01	1.00000000e+01
-3.75877798e-01	1.47990417e+00	-9.80563700e-01	1.00000000e+01
3
1.01699901e+00	-9.02288973e-01	4.05575156e-01	1.00000000e+01
-5.09071112e-01	1.41630673e+00	-5.92793703e-01	1.00000000e+01
-4.07878548e-01	1.48687983e+00	-9.89729941e-01	1.00000000e+01
3
1.01819110e+00	-9.10037577e-01	4.11833644e-01	1.00000000e+01
-4.76542324e-01	1.41832232e+00	-6.03508532e-01	1.00000000e+01
-4.41218644e-01	1.49272573e+00	-9.93322611e-01	1.00000000e+01
3
1.01938319e+00	-9.17786181e-01	4.18092132e-01	1.00000000e+01
-4.43461746e-01	1.42138195e+00	-6.20343268e-01	1.00000000e+01
-4.75074708e-01	1.49725795e+00	-9.90708292e-01	1.00000000e+01
3
1.02026606e+00	-9.25353706e-01	4.24211144e-01	1.00000000e+01
-4.10909563e-01	1.42571330e+00	-6.43908620e-01	1.00000000e+01
-5.08256555e-01	1.50034714e+00	-9.81276393e-01	1.00000000e+01
3
1.02026606e+00	-9.32506263e-01	4.30171609e-01	1.00000000e+01
-3.80452693e-01	1.43157756e+00	-6.74711943e-01	1.00000000e+01
-5.39231062e-01	1.50184798e+00	-9.64534640e-01	1.00000000e+01
3
1.02026606e+00	-9.39658821e-01	4.36132073e-01	1.00000000e+01
-3.54106426e-01	1.43923366e+00	-7.12930381e-01	1.00000000e+01
-5.66001534e-01	1.50133753e+00	-9.40276444e-01	1.00000000e+01
3
1.02026606e+00	-9.46811378e-01	4.42092538e-01	1.00000000e+01
-3.34393770e-01	1.44867182e+00	-7.58161664e-01	1.00000000e+01
-5.86039722e-01	1.49885237e+00	-9.08925831e-01	1.00000000e+01
3
1.02026606e+00	-9.53566372e-01	4.47785825e-01	1.00000000e+01
-3.24158251e-01	1.45995426e+00	-8.08931768e-01	1.00000000e+01
-5.96496463e-01	1.49451184e+00	-8.71947348e-01	1.00000000e+01
3
1.02026606e+00	-9.60122883e-01	4.53448266e-01	1.00000000e+01
-3.25953484e-01	1.47266185e+00	-8.62400889e-01	1.00000000e+01
-5.94829202e-01	1.48855913e+00	-8.32203329e-01	1.00000000e+01
3
1.02026606e+00	-9.66679394e-01	4.59110707e-01	1.00000000e+01
-3.41007739e-01	1.48577487e+00	-9.14222598e-01	1.00000000e+01
-5.79806864e-01	1.48140657e+00	-7.94001937e-01	1.00000000e+01
3
1.02026606e+00	-9.73235905e-01	4.64676261e-01	1.00000000e+01
-3.68314177e-01	1.49888790e+00	-9.59818244e-01	1.00000000e+01
-5.52438974e-01	1.47456646e+00	-7.61946559e-01	1.00000000e+01
3
1.02026606e+00	-9.79262650e-01	4.70040679e-01	1.00000000e+01
-4.04706568e-01	1.51059508e+00	-9.95651245e-01	1.00000000e+01
-5.15890539e-01	1.46900380e+00	-7.39574194e-01	1.00000000e+01
3
1.02026606e+00	-9.85223114e-01	4.75405097e-01	1.00000000e+01
-4.46031451e-01	1.52055085e+00	-1.02021348e+00	1.00000000e+01
-4.74323869e-01	1.46508014e+00	-7.28387833e-01	1.00000000e+01
3
1.02026606e+00	-9.91183579e-01	4.80769515e-01	1.00000000e+01
-4.88494813e-01	1.52831006e+00	-1.03383601e+00	1.00000000e+01
-4.31529641e-01	1.46323943e+00	-7.28062332e-01	1.00000000e+01
3
1.02026606e+00	-9.97127295e-01	4.85909313e-01	1.00000000e+01
-5.29200196e-01	1.53394532e+00	-1.03790951e+00	1.00000000e+01
-3.90386045e-01	1.46330607e+00	-7.37196028e-01	1.00000000e+01
3
1.02026606e+00	-1.00276852e+00	4.90975708e-01	1.00000000e+01
-5.66362262e-01	1.53783631e+00	-1.03419566e+00	1.00000000e+01
-3.52702737e-01	1.46510065e+00	-7.54037559e-01	1.00000000e+01
3
1.01943707e+00	-1.00869548e+00	4.96042103e-01	1.00000000e+01
-5.98940790e-01	1.53992903e+00	-1.02441978e+00	1.00000000e+01
-3.19520414e-01	1.46833599e+00	-7.76866019e-01	1.00000000e+01
3
1.01824498e+00	-1.01346385e+00	5.01043320e-01	1.00000000e+01
-6.26407802e-01	1.54071414e+00	-1.01008081e+00	1.00000000e+01
-2.91353762e-01	1.47284818e+00	-8.04193079e-01	1.00000000e+01
3
1.01705289e+00	-1.01823223e+00	5.05811691e-01	1.00000000e+01
-6.48578763e-01	1.54041779e+00	-9.92392600e-01	1.00000000e+01
-2.68400878e-01	1.47836924e+00	-8.34720671e-01	1.00000000e+01
3
1.01586080e+00	-1.02300060e+00	5.10580063e-01	1.00000000e+01
-6.65443659e-01	1.53922570e+00	-9.72503006e-01	1.00000000e+01
-2.50669688e-01	1.48438013e+00	-8.67418468e-01	1.00000000e+01
3
1.01466870e+00	-1.02776897e+00	5.15348434e-01	1.00000000e+01
-6.77107275e-01	1.53703988e+00	-9.51272845e-01	1.00000000e+01
-2.38060087e-01	1.49153268e+00	-9.01360512e-01	1.00000000e+01
3
1.01347661e+00	-1.03253734e+00	5.20116806e-01	1.00000000e+01
-6.83716655e-01	1.53465569e+00	-9.29311931e-01	1.00000000e+01
-2.30416745e-01	1.49868524e+00	-9.35931206e-01	1.00000000e+01
3
1.01228452e+00	-1.03730571e+00	5.24885178e-01	1.00000000e+01
-6.85467184e-01	1.53145874e+00	-9.07401741e-01	1.00000000e+01
-2.27552325e-01	1.50583780e+00	-9.70372438e-01	1.00000000e+01
3
1.01109242e+00	-1.04207408e+00	5.29161751e-01	1.00000000e+01
-6.82563841e-01	1.52788246e+00	-8.86173129e-01	1.00000000e+01
-2.29265288e-01	1.51391292e+00	-1.00408340e+00	1.00000000e+01
3
1.00990033e+00	-1.04684246e+00	5.33334076e-01	1.00000000e+01
-6.75203562e-01	1.52430618e+00	-8.66018772e-01	1.00000000e+01
-2.35346630e-01	1.52225757e+00	-1.03665936e+00	1.00000000e+01
3
1.00870824e+00	-1.05061781e+00	5.37506402e-01	1.00000000e+01
-6.63616717e-01	1.52072990e+00	-8.47469807e-01	1.00000000e+01
-2.45579243e-01	1.53040397e+00	-1.06746900e+00	1.00000000e+01
3
1.00751615e+00	-1.05419409e+00	5.41678727e-01	1.00000000e+01
-6.48029864e-01	1.51715362e+00	-8.30983758e-01	1.00000000e+01
-2.59740800e-01	1.53755653e+00	-1.09619665e+00	1.00000000e+01
3
1.00632405e+00	-1.05777037e+00	5.45851052e-01	1.00000000e+01
-6.28675938e-01	1.51357734e+00	-8.16998363e-01	1.00000000e+01
-2.77586967e-01	1.54470909e+00	-1.12235117e+00	1.00000000e+01
3
1.00513196e+00	-1.06134665e+00	5.50023377e-01	1.00000000e+01
-6.05802417e-01	1.51000106e+00	-8.05980265e-01	1.00000000e+01
-2.98857927e-01	1.55186164e+00	-1.14541042e+00	1.00000000e+01
3
1.00393987e+00	-1.06492293e+00	5.54195702e-01	1.00000000e+01
-5.79740405e-01	1.50721204e+00	-7.98422694e-01	1.00000000e+01
-3.23252499e-01	1.55826330e+00	-1.16495395e+00	1.00000000e+01
3
1.00269127e+00	-1.06849921e+00	5.58099449e-01	1.00000000e+01
-5.50834477e-01	1.50482786e+00	-7.94857800e-01	1.00000000e+01
-3.50416213e-01	1.56422377e+00	-1.18041754e+00	1.00000000e+01
3
1.00030708e+00	-1.07207549e+00	5.61675727e-01	1.00000000e+01
-5.19512236e-01	1.50303471e+00	-7.95826077e-01	1.00000000e+01
-3.79913241e-01	1.56918681e+00	-1.19126987e+00	1.00000000e+01
3
9.98442173e-01	-1.07565176e+00	5.65252006e-01	1.00000000e+01
-4.86333847e-01	1.50191927e+00	-8.01925421e-01	1.00000000e+01
-4.11189169e-01	1.57334197e+00	-1.19692850e+00	1.00000000e+01
3
9.96654034e-01	-1.07899296e+00	5.68828285e-01	1.00000000e+01
-4.52022523e-01	1.50191927e+00	-8.13785553e-01	1.00000000e+01
-4.43508416e-01	1.57638621e+00	-1.19671476e+00	1.00000000e+01
3
9.94800448e-01	-1.08137715e+00	5.72404563e-01	1.00000000e+01
-4.17550892e-01	1.50309217e+00	-8.32045138e-01	1.00000000e+01
-4.75903511e-01	1.57812524e+00	-1.19005013e+00	1.00000000e+01
3
9.92416263e-01	-1.08376133e+00	5.75980842e-01	1.00000000e+01
-3.84246230e-01	1.50574815e+00	-8.57296705e-01	1.00000000e+01
-5.07079899e-01	1.57838023e+00	-1.17627895e+00	1.00000000e+01
3
9.90032077e-01	-1.08614552e+00	5.79557121e-01	1.00000000e+01
-3.53818089e-01	1.50992954e+00	-8.89957547e-01	1.00000000e+01
-5.35304785e-01	1.57673120e+00	-1.15502477e+00	1.00000000e+01
3
9.87647891e-01	-1.08852971e+00	5.83107650e-01	1.00000000e+01
-3.28531623e-01	1.51594400e+00	-9.30007756e-01	1.00000000e+01
-5.58318257e-01	1.57322097e+00	-1.12630403e+00	1.00000000e+01
3
9.85263705e-01	-1.09091389e+00	5.86087883e-01	1.00000000e+01
-3.11119616e-01	1.52377963e+00	-9.76653278e-01	1.00000000e+01
-5.73385537e-01	1.56775331e+00	-1.09090233e+00	1.00000000e+01
3
9.82879519e-01	-1.09329808e+00	5.89068115e-01	1.00000000e+01
-3.04434270e-01	1.53336644e+00	-1.02786052e+00	1.00000000e+01
-5.77655971e-01	1.56030083e+00	-1.05092108e+00	1.00000000e+01
3
9.80495334e-01	-1.09568226e+00	5.92048347e-01	1.00000000e+01
-3.10621172e-01	1.54409528e+00	-1.08002222e+00	1.00000000e+01
-5.68980873e-01	1.55166936e+00	-1.00968564e+00	1.00000000e+01
3
9.78111148e-01	-1.09806645e+00	5.95028579e-01	1.00000000e+01
-3.30000788e-01	1.55482411e+00	-1.12848806e+00	1.00000000e+01
-5.47042608e-01	1.54213262e+00	-9.72252905e-01	1.00000000e+01
3
9.75726962e-01	-1.10010076e+00	5.98008811e-01	1.00000000e+01
-3.60504448e-01	1.56521344e+00	-1.16891897e+00	1.00000000e+01
-5.13910770e-01	1.53365958e+00	-9.42749560e-01	1.00000000e+01
3
9.72821355e-01	-1.10129285e+00	6.00989044e-01	1.00000000e+01
-3.98317933e-01	1.57409334e+00	-1.19861627e+00	1.00000000e+01
-4.73398864e-01	1.52653325e+00	-9.23882723e-01	1.00000000e+01
3
9.69841123e-01	-1.10248494e+00	6.03969276e-01	1.00000000e+01
-4.39312756e-01	1.58087015e+00	-1.21699667e+00	1.00000000e+01
-4.29656446e-01	1.52122486e+00	-9.16257203e-01	1.00000000e+01
3
9.66860890e-01	-1.10367703e+00	6.06556654e-01	1.00000000e+01
-4.80010897e-01	1.58557606e+00	-1.22497475e+00	1.00000000e+01
-3.86114240e-01	1.51799726e+00	-9.18954372e-01	1.00000000e+01
3
9.63880658e-01	-1.10486913e+00	6.08940840e-01	1.00000000e+01
-5.18078446e-01	1.58839357e+00	-1.22417605e+00	1.00000000e+01
-3.45141590e-01	1.51645875e+00	-9.30339396e-01	1.00000000e+01
3
9.60900426e-01	-1.10606122e+00	6.11325026e-01	1.00000000e+01
-5.52075028e-01	1.58928204e+00	-1.21637619e+00	1.00000000e+01
-3.08168024e-01	1.51672792e+00	-9.48641896e-01	1.00000000e+01
3
9.57920194e-01	-1.10725331e+00	6.13709211e-01	1.00000000e+01
-5.81239879e-01	1.58874094e+00	-1.20320773e+00	1.00000000e+01
-2.75963932e-01	1.51829696e+00	-9.72240269e-01	1.00000000e+01
3
9.54939961e-01	-1.10844541e+00	6.16093397e-01	1.00000000e+01
-6.05208457e-01	1.58695328e+00	-1.18607950e+00	1.00000000e+01
-2.48883039e-01	1.52092099e+00	-9.99723017e-01	1.00000000e+01
3
9.51959729e-01	-1.10963750e+00	6.18477583e-01	1.00000000e+01
-6.23893440e-01	1.58417726e+00	-1.16614771e+00	1.00000000e+01
-2.27016717e-01	1.52449727e+00	-1.02996516e+00	1.00000000e+01
3
9.48935211e-01	-1.11062169e+00	6.20861769e-01	1.00000000e+01
-6.37340426e-01	1.58060098e+00	-1.14429843e+00	1.00000000e+01
-2.10324824e-01	1.52891779e+00	-1.06189609e+00	1.00000000e+01
3
9.45358932e-01	-1.11062169e+00	6.22944057e-01	1.00000000e+01
-6.45671606e-01	1.57610428e+00	-1.12164867e+00	1.00000000e+01
-1.98681146e-01	1.53368616e+00	-1.09496629e+00	1.00000000e+01
3
9.41782653e-01	-1.11062169e+00	6.24732196e-01	1.00000000e+01
-6.49060905e-01	1.57133591e+00	-1.09899890e+00	1.00000000e+01
-1.91917673e-01	1.53860152e+00	-1.12834489e+00	1.00000000e+01
