2
-5.00000000e-01	0.00000000e+00	0.00000000e+00	1.00000000e+01
5.00000000e-01	0.00000000e+00	0.00000000e+00	1.00000000e+01
2
-4.99505490e-01	7.06777070e-03	0.00000000e+00	1.00000000e+01
4.99505490e-01	-7.06777070e-03	0.00000000e+00	1.00000000e+01
2
-4.98001009e-01	1.41215632e-02	0.00000000e+00	1.00000000e+01
4.98001009e-01	-1.41215632e-02	0.00000000e+00	1.00000000e+01
2
-4.95489120e-01	2.11464912e-02	0.00000000e+00	1.00000000e+01
4.95489120e-01	-2.11464912e-02	0.00000000e+00	1.00000000e+01
2
-4.91972446e-01	2.81284582e-02	0.00000000e+00	1.00000000e+01
4.91972446e-01	-2.81284582e-02	0.00000000e+00	1.00000000e+01
2
-4.87410337e-01	3.50510068e-02	0.00000000e+00	1.00000000e+01
4.87410337e-01	-3.50510068e-02	0.00000000e+00	1.00000000e+01
2
-4.81820971e-01	4.18995507e-02	0.00000000e+00	1.00000000e+01
4.81820971e-01	-4.18995507e-02	0.00000000e+00	1.00000000e+01
2
-4.75151151e-01	4.86535579e-02	0.00000000e+00	1.00000000e+01
4.75151151e-01	-4.86535579e-02	0.00000000e+00	1.00000000e+01
2
-4.67397153e-01	5.52972965e-02	0.00000000e+00	1.00000000e+01
4.67397153e-01	-5.52972965e-02	0.00000000e+00	1.00000000e+01
2
-4.58525449e-01	6.18072264e-02	0.00000000e+00	1.00000000e+01
4.58525449e-01	-6.18072264e-02	0.00000000e+00	1.00000000e+01
2
-4.48493928e-01	6.81613386e-02	0.00000000e+00	1.00000000e+01
4.48493928e-01	-6.81613386e-02	0.00000000e+00	1.00000000e+01
2
-4.37257260e-01	7.43352547e-02	0.00000000e+00	1.00000000e+01
4.37257260e-01	-7.43352547e-02	0.00000000e+00	1.00000000e+01
2
-4.24767643e-01	8.02918971e-02	0.00000000e+00	1.00000000e+01
4.24767643e-01	-8.02918971e-02	0.00000000e+00	1.00000000e+01
2
-4.10969198e-01	8.59996304e-02	0.00000000e+00	1.00000000e+01
4.10969198e-01	-8.59996304e-02	0.00000000e+00	1.00000000e+01
2
-3.95776421e-01	9.14184526e-02	0.00000000e+00	1.00000000e+01
3.95776421e-01	-9.14184526e-02	0.00000000e+00	1.00000000e+01
2
-3.79107177e-01	9.64937359e-02	0.00000000e+00	1.00000000e+01
3.79107177e-01	-9.64937359e-02	0.00000000e+00	1.00000000e+01
2
-3.60845476e-01	1.01164505e-01	0.00000000e+00	1.00000000e+01
3.60845476e-01	-1.01164505e-01	0.00000000e+00	1.00000000e+01
2
-3.40873271e-01	1.05353773e-01	0.00000000e+00	1.00000000e+01
3.40873271e-01	-1.05353773e-01	0.00000000e+00	1.00000000e+01
2
-3.19023162e-01	1.08959399e-01	0.00000000e+00	1.00000000e+01
3.19023162e-01	-1.08959399e-01	0.00000000e+00	1.00000000e+01
2
-2.95082659e-01	1.11851208e-01	0.00000000e+00	1.00000000e+01
2.95082659e-01	-1.11851208e-01	0.00000000e+00	1.00000000e+01
2
-2.68792361e-01	1.13846727e-01	0.00000000e+00	1.00000000e+01
2.68792361e-01	-1.13846727e-01	0.00000000e+00	1.00000000e+01
2
-2.39782825e-01	1.14687368e-01	0.00000000e+00	1.00000000e+01
2.39782825e-01	-1.14687368e-01	0.00000000e+00	1.00000000e+01
2
-2.07566097e-01	1.13982275e-01	0.00000000e+00	1.00000000e+01
2.07566097e-01	-1.13982275e-01	0.00000000e+00	1.00000000e+01
2
-1.71407789e-01	1.11091517e-01	0.00000000e+00	1.00000000e+01
1.71407789e-01	-1.11091517e-01	0.00000000e+00	1.00000000e+01
2
-1.30155802e-01	1.04844868e-01	0.00000000e+00	1.00000000e+01
1.30155802e-01	-1.04844868e-01	0.00000000e+00	1.00000000e+01
2
-8.17807093e-02	9.26664695e-02	0.00000000e+00	1.00000000e+01
8.17807093e-02	-9.26664695e-02	0.00000000e+00	1.00000000e+01
2
-2.22743675e-02	6.63985610e-02	0.00000000e+00	1.00000000e+01
2.22743675e-02	-6.63985610e-02	0.00000000e+00	1.00000000e+01
2
2.12505441e-02	-2.23762896e-02	0.00000000e+00	1.00000000e+01
-2.12505441e-02	2.23762896e-02	0.00000000e+00	1.00000000e+01
2
-4.50282022e-02	-7.85131454e-02	0.00000000e+00	1.00000000e+01
4.50282022e-02	7.85131454e-02	0.00000000e+00	1.00000000e+01
2
-9.99444053e-02	-9.79411975e-02	0.00000000e+00	1.00000000e+01
9.99444053e-02	9.79411975e-02	0.00000000e+00	1.00000000e+01
2
-1.45472065e-01	-1.07544400e-01	0.00000000e+00	1.00000000e+01
1.45472065e-01	1.07544400e-01	0.00000000e+00	1.00000000e+01
2
-1.84745774e-01	-1.12407386e-01	0.00000000e+00	1.00000000e+01
1.84745774e-01	1.12407386e-01	0.00000000e+00	1.00000000e+01
2
-2.19402254e-01	-1.14422753e-01	0.00000000e+00	1.00000000e+01
2.19402254e-01	1.14422753e-01	0.00000000e+00	1.00000000e+01
2
-2.50412077e-01	-1.14519857e-01	0.00000000e+00	1.00000000e+01
2.50412077e-01	1.14519857e-01	0.00000000e+00	1.00000000e+01
2
-2.78408915e-01	-1.13230452e-01	0.00000000e+00	1.00000000e+01
2.78408915e-01	1.13230452e-01	0.00000000e+00	1.00000000e+01
2
-3.03830713e-01	-1.10890232e-01	0.00000000e+00	1.00000000e+01
3.03830713e-01	1.10890232e-01	0.00000000e+00	1.00000000e+01
2
-3.27000201e-01	-1.07724719e-01	0.00000000e+00	1.00000000e+01
3.27000201e-01	1.07724719e-01	0.00000000e+00	1.00000000e+01
2
-3.48162234e-01	-1.03896223e-01	0.00000000e+00	1.00000000e+01
3.48162234e-01	1.03896223e-01	0.00000000e+00	1.00000000e+01
2
-3.67507190e-01	-9.95234847e-02	0.00000000e+00	1.00000000e+01
3.67507190e-01	9.95234847e-02	0.00000000e+00	1.00000000e+01
2
-3.85188758e-01	-9.47001055e-02	0.00000000e+00	1.00000000e+01
3.85188758e-01	9.47001055e-02	0.00000000e+00	1.00000000e+01
2
-4.01322693e-01	-8.94934535e-02	0.00000000e+00	1.00000000e+01
4.01322693e-01	8.94934535e-02	0.00000000e+00	1.00000000e+01
2
-4.16008204e-01	-8.39654431e-02	0.00000000e+00	1.00000000e+01
4.16008204e-01	8.39654431e-02	0.00000000e+00	1.00000000e+01
2
-4.29343492e-01	-7.81642795e-02	0.00000000e+00	1.00000000e+01
4.29343492e-01	7.81642795e-02	0.00000000e+00	1.00000000e+01
2
-4.41373199e-01	-7.21260831e-02	0.00000000e+00	1.00000000e+01
4.41373199e-01	7.21260831e-02	0.00000000e+00	1.00000000e+01
2
-4.52172726e-01	-6.58820868e-02	0.00000000e+00	1.00000000e+01
4.52172726e-01	6.58820868e-02	0.00000000e+00	1.00000000e+01
2
-4.61790085e-01	-5.94685748e-02	0.00000000e+00	1.00000000e+01
4.61790085e-01	5.94685748e-02	0.00000000e+00	1.00000000e+01
2
-4.70265269e-01	-5.29069901e-02	0.00000000e+00	1.00000000e+01
4.70265269e-01	5.29069901e-02	0.00000000e+00	1.00000000e+01
2
-4.77618754e-01	-4.62206975e-02	0.00000000e+00	1.00000000e+01
4.77618754e-01	4.62206975e-02	0.00000000e+00	1.00000000e+01
2
-4.83901501e-01	-3.94314006e-02	0.00000000e+00	1.00000000e+01
4.83901501e-01	3.94314006e-02	0.00000000e+00	1.00000000e+01
2
-4.89122808e-01	-3.25538330e-02	0.00000000e+00	1.00000000e+01
4.89122808e-01	3.25538330e-02	0.00000000e+00	1.00000000e+01
2
-4.93309170e-01	-2.56066732e-02	0.00000000e+00	1.00000000e+01
4.93309170e-01	2.56066732e-02	0.00000000e+00	1.00000000e+01
2
-4.96466011e-01	-1.86063573e-02	0.00000000e+00	1.00000000e+01
4.96466011e-01	1.86063573e-02	0.00000000e+00	1.00000000e+01
2
-4.98624146e-01	-1.15687745e-02	0.00000000e+00	1.00000000e+01
4.98624146e-01	1.15687745e-02	0.00000000e+00	1.00000000e+01
2
-4.99758363e-01	-4.50786576e-03	0.00000000e+00	1.00000000e+01
4.99758363e-01	4.50786576e-03	0.00000000e+00	1.00000000e+01
2
-4.99901325e-01	2.56201159e-03	0.00000000e+00	1.00000000e+01
4.99901325e-01	-2.56201159e-03	0.00000000e+00	1.00000000e+01
2
-4.99049693e-01	9.62676760e-03	0.00000000e+00	1.00000000e+01
4.99049693e-01	-9.62676760e-03	0.00000000e+00	1.00000000e+01
2
-4.97179478e-01	1.66733228e-02	0.00000000e+00	1.00000000e+01
4.97179478e-01	-1.66733228e-02	0.00000000e+00	1.00000000e+01
2
-4.94312555e-01	2.36839578e-02	0.00000000e+00	1.00000000e+01
4.94312555e-01	-2.36839578e-02	0.00000000e+00	1.00000000e+01
2
-4.90417778e-01	3.06464601e-02	0.00000000e+00	1.00000000e+01
4.90417778e-01	-3.06464601e-02	0.00000000e+00	1.00000000e+01
2
-4.85493660e-01	3.75445671e-02	0.00000000e+00	1.00000000e+01
4.85493660e-01	-3.75445671e-02	0.00000000e+00	1.00000000e+01
2
-4.79514509e-01	4.43615615e-02	0.00000000e+00	1.00000000e+01
4.79514509e-01	-4.43615615e-02	0.00000000e+00	1.00000000e+01
2
-4.72472340e-01	5.10783568e-02	0.00000000e+00	1.00000000e+01
4.72472340e-01	-5.10783568e-02	0.00000000e+00	1.00000000e+01
2
-4.64313000e-01	5.76766543e-02	0.00000000e+00	1.00000000e+01
4.64313000e-01	-5.76766543e-02	0.00000000e+00	1.00000000e+01
2
-4.55025584e-01	6.41357228e-02	0.00000000e+00	1.00000000e+01
4.55025584e-01	-6.41357228e-02	0.00000000e+00	1.00000000e+01
2
-4.44567263e-01	7.04253465e-02	0.00000000e+00	1.00000000e+01
4.44567263e-01	-7.04253465e-02	0.00000000e+00	1.00000000e+01
2
-4.32891816e-01	7.65248835e-02	0.00000000e+00	1.00000000e+01
4.32891816e-01	-7.65248835e-02	0.00000000e+00	1.00000000e+01
2
-4.19939816e-01	8.23955163e-02	0.00000000e+00	1.00000000e+01
4.19939816e-01	-8.23955163e-02	0.00000000e+00	1.00000000e+01
2
-4.05645669e-01	8.80052298e-02	0.00000000e+00	1.00000000e+01
4.05645669e-01	-8.80052298e-02	0.00000000e+00	1.00000000e+01
2
-3.89931560e-01	9.33050439e-02	0.00000000e+00	1.00000000e+01
3.89931560e-01	-9.33050439e-02	0.00000000e+00	1.00000000e+01
2
-3.72709453e-01	9.82437581e-02	0.00000000e+00	1.00000000e+01
3.72709453e-01	-9.82437581e-02	0.00000000e+00	1.00000000e+01
2
-3.53847951e-01	1.02749966e-01	0.00000000e+00	1.00000000e+01
3.53847951e-01	-1.02749966e-01	0.00000000e+00	1.00000000e+01
2
-3.33223164e-01	1.06741786e-01	0.00000000e+00	1.00000000e+01
3.33223164e-01	-1.06741786e-01	0.00000000e+00	1.00000000e+01
2
-3.10645401e-01	1.10107422e-01	0.00000000e+00	1.00000000e+01
3.10645401e-01	-1.10107422e-01	0.00000000e+00	1.00000000e+01
2
-2.85893112e-01	1.12699278e-01	0.00000000e+00	1.00000000e+01
2.85893112e-01	-1.12699278e-01	0.00000000e+00	1.00000000e+01
2
-2.58671075e-01	1.14313044e-01	0.00000000e+00	1.00000000e+01
2.58671075e-01	-1.14313044e-01	0.00000000e+00	1.00000000e+01
2
-2.28576452e-01	1.14650577e-01	0.00000000e+00	1.00000000e+01
2.28576452e-01	-1.14650577e-01	0.00000000e+00	1.00000000e+01
2
-1.95041955e-01	1.13249689e-01	0.00000000e+00	1.00000000e+01
1.95041955e-01	-1.13249689e-01	0.00000000e+00	1.00000000e+01
2
-1.57215402e-01	1.09327205e-01	0.00000000e+00	1.00000000e+01
1.57215402e-01	-1.09327205e-01	0.00000000e+00	1.00000000e+01
2
-1.13703981e-01	1.01370022e-01	0.00000000e+00	1.00000000e+01
1.13703981e-01	-1.01370022e-01	0.00000000e+00	1.00000000e+01
2
-6.19382337e-02	8.56992304e-02	0.00000000e+00	1.00000000e+01
6.19382337e-02	-8.56992304e-02	0.00000000e+00	1.00000000e+01
2
2.72343797e-03	4.74610366e-02	0.00000000e+00	1.00000000e+01
-2.72343797e-03	-4.74610366e-02	0.00000000e+00	1.00000000e+01
2
-2.55636172e-03	-5.22199720e-02	0.00000000e+00	1.00000000e+01
2.55636172e-03	5.22199720e-02	0.00000000e+00	1.00000000e+01
2
-6.61922395e-02	-8.72949287e-02	0.00000000e+00	1.00000000e+01
6.61922395e-02	8.72949287e-02	0.00000000e+00	1.00000000e+01
2
-1.17210396e-01	-1.02138378e-01	0.00000000e+00	1.00000000e+01
1.17210396e-01	1.02138378e-01	0.00000000e+00	1.00000000e+01
2
-1.60232067e-01	-1.09703273e-01	0.00000000e+00	1.00000000e+01
1.60232067e-01	1.09703273e-01	0.00000000e+00	1.00000000e+01
2
-1.97700694e-01	-1.13391727e-01	0.00000000e+00	1.00000000e+01
1.97700694e-01	1.13391727e-01	0.00000000e+00	1.00000000e+01
2
-2.30954662e-01	-1.14635579e-01	0.00000000e+00	1.00000000e+01
2.30954662e-01	1.14635579e-01	0.00000000e+00	1.00000000e+01
2
-2.60819376e-01	-1.14184409e-01	0.00000000e+00	1.00000000e+01
2.60819376e-01	1.14184409e-01	0.00000000e+00	1.00000000e+01
2
-2.87847787e-01	-1.12484030e-01	0.00000000e+00	1.00000000e+01
2.87847787e-01	1.12484030e-01	0.00000000e+00	1.00000000e+01
2
-3.12426507e-01	-1.09823719e-01	0.00000000e+00	1.00000000e+01
3.12426507e-01	1.09823719e-01	0.00000000e+00	1.00000000e+01
2
-3.34849060e-01	-1.06403351e-01	0.00000000e+00	1.00000000e+01
3.34849060e-01	1.06403351e-01	0.00000000e+00	1.00000000e+01
2
-3.55340749e-01	-1.02366149e-01	0.00000000e+00	1.00000000e+01
3.55340749e-01	1.02366149e-01	0.00000000e+00	1.00000000e+01
2
-3.74069154e-01	-9.78208929e-02	0.00000000e+00	1.00000000e+01
3.74069154e-01	9.78208929e-02	0.00000000e+00	1.00000000e+01
2
-3.91180336e-01	-9.28517655e-02	0.00000000e+00	1.00000000e+01
3.91180336e-01	9.28517655e-02	0.00000000e+00	1.00000000e+01
2
-4.06783581e-01	-8.75246227e-02	0.00000000e+00	1.00000000e+01
4.06783581e-01	8.75246227e-02	0.00000000e+00	1.00000000e+01
2
-4.20978278e-01	-8.18932578e-02	0.00000000e+00	1.00000000e+01
4.20978278e-01	8.18932578e-02	0.00000000e+00	1.00000000e+01
2
-4.33830291e-01	-7.60002583e-02	0.00000000e+00	1.00000000e+01
4.33830291e-01	7.60002583e-02	0.00000000e+00	1.00000000e+01
2
-4.45417166e-01	-6.98861405e-02	0.00000000e+00	1.00000000e+01
4.45417166e-01	6.98861405e-02	0.00000000e+00	1.00000000e+01
2
-4.55786973e-01	-6.35780171e-02	0.00000000e+00	1.00000000e+01
4.55786973e-01	6.35780171e-02	0.00000000e+00	1.00000000e+01
2
-4.64985937e-01	-5.71083762e-02	0.00000000e+00	1.00000000e+01
4.64985937e-01	5.71083762e-02	0.00000000e+00	1.00000000e+01
2
-4.73056883e-01	-5.04991151e-02	0.00000000e+00	1.00000000e+01
4.73056883e-01	5.04991151e-02	0.00000000e+00	1.00000000e+01
2
-4.80032831e-01	-4.37731408e-02	0.00000000e+00	1.00000000e+01
4.80032831e-01	4.37731408e-02	0.00000000e+00	1.00000000e+01
2
-4.85923827e-01	-3.69500741e-02	0.00000000e+00	1.00000000e+01
4.85923827e-01	3.69500741e-02	0.00000000e+00	1.00000000e+01
2
-4.90781903e-01	-3.00459564e-02	0.00000000e+00	1.00000000e+01
4.90781903e-01	3.00459564e-02	0.00000000e+00	1.00000000e+01
2
-4.94588763e-01	-2.30790246e-02	0.00000000e+00	1.00000000e+01
4.94588763e-01	2.30790246e-02	0.00000000e+00	1.00000000e+01
2
-4.97389823e-01	-1.60644408e-02	0.00000000e+00	1.00000000e+01
4.97389823e-01	1.60644408e-02	0.00000000e+00	1.00000000e+01
2
-4.99177814e-01	-9.01641510e-03	0.00000000e+00	1.00000000e+01
4.99177814e-01	9.01641510e-03	0.00000000e+00	1.00000000e+01
2
-4.99958366e-01	-1.95106363e-03	0.00000000e+00	1.00000000e+01
4.99958366e-01	1.95106363e-03	0.00000000e+00	1.00000000e+01
2
-4.99749899e-01	5.11834817e-03	0.00000000e+00	1.00000000e+01
4.99749899e-01	-5.11834817e-03	0.00000000e+00	1.00000000e+01
2
-4.98528540e-01	1.21772736e-02	0.00000000e+00	1.00000000e+01
4.98528540e-01	-1.21772736e-02	0.00000000e+00	1.00000000e+01
2
-4.96305168e-01	1.92119516e-02	0.00000000e+00	1.00000000e+01
4.96305168e-01	-1.92119516e-02	0.00000000e+00	1.00000000e+01
2
-4.93077546e-01	2.62069739e-02	0.00000000e+00	1.00000000e+01
4.93077546e-01	-2.62069739e-02	0.00000000e+00	1.00000000e+01
2
-4.88810271e-01	3.31494808e-02	0.00000000e+00	1.00000000e+01
4.88810271e-01	-3.31494808e-02	0.00000000e+00	1.00000000e+01
2
-4.83520567e-01	4.00186814e-02	0.00000000e+00	1.00000000e+01
4.83520567e-01	-4.00186814e-02	0.00000000e+00	1.00000000e+01
2
-4.77155268e-01	4.68008146e-02	0.00000000e+00	1.00000000e+01
4.77155268e-01	-4.68008146e-02	0.00000000e+00	1.00000000e+01
2
-4.69715863e-01	5.34772798e-02	0.00000000e+00	1.00000000e+01
4.69715863e-01	-5.34772798e-02	0.00000000e+00	1.00000000e+01
2
-4.61168736e-01	6.00259230e-02	0.00000000e+00	1.00000000e+01
4.61168736e-01	-6.00259230e-02	0.00000000e+00	1.00000000e+01
2
-4.51472670e-01	6.64266646e-02	0.00000000e+00	1.00000000e+01
4.51472670e-01	-6.64266646e-02	0.00000000e+00	1.00000000e+01
2
-4.40583140e-01	7.26517513e-02	0.00000000e+00	1.00000000e+01
4.40583140e-01	-7.26517513e-02	0.00000000e+00	1.00000000e+01
2
-4.28452730e-01	7.86725208e-02	0.00000000e+00	1.00000000e+01
4.28452730e-01	-7.86725208e-02	0.00000000e+00	1.00000000e+01
2
-4.15032685e-01	8.44539851e-02	0.00000000e+00	1.00000000e+01
4.15032685e-01	-8.44539851e-02	0.00000000e+00	1.00000000e+01
2
-4.00241524e-01	8.99576321e-02	0.00000000e+00	1.00000000e+01
4.00241524e-01	-8.99576321e-02	0.00000000e+00	1.00000000e+01
2
-3.84002209e-01	9.51342061e-02	0.00000000e+00	1.00000000e+01
3.84002209e-01	-9.51342061e-02	0.00000000e+00	1.00000000e+01
2
-3.66215587e-01	9.99268591e-02	0.00000000e+00	1.00000000e+01
3.66215587e-01	-9.99268591e-02	0.00000000e+00	1.00000000e+01
2
-3.46744984e-01	1.04259521e-01	0.00000000e+00	1.00000000e+01
3.46744984e-01	-1.04259521e-01	0.00000000e+00	1.00000000e+01
2
-3.25447351e-01	1.08041689e-01	0.00000000e+00	1.00000000e+01
3.25447351e-01	-1.08041689e-01	0.00000000e+00	1.00000000e+01
2
-3.02126676e-01	1.11150078e-01	0.00000000e+00	1.00000000e+01
3.02126676e-01	-1.11150078e-01	0.00000000e+00	1.00000000e+01
2
-2.76536673e-01	1.13419503e-01	0.00000000e+00	1.00000000e+01
2.76536673e-01	-1.13419503e-01	0.00000000e+00	1.00000000e+01
2
-2.48348057e-01	1.14619195e-01	0.00000000e+00	1.00000000e+01
2.48348057e-01	-1.14619195e-01	0.00000000e+00	1.00000000e+01
2
-2.17109248e-01	1.14402086e-01	0.00000000e+00	1.00000000e+01
2.17109248e-01	-1.14402086e-01	0.00000000e+00	1.00000000e+01
2
-1.82170361e-01	1.12217985e-01	0.00000000e+00	1.00000000e+01
1.82170361e-01	-1.12217985e-01	0.00000000e+00	1.00000000e+01
2
-1.42528564e-01	1.07096635e-01	0.00000000e+00	1.00000000e+01
1.42528564e-01	-1.07096635e-01	0.00000000e+00	1.00000000e+01
2
-9.64800343e-02	9.70326737e-02	0.00000000e+00	1.00000000e+01
9.64800343e-02	-9.70326737e-02	0.00000000e+00	1.00000000e+01
2
-4.07343805e-02	7.64891654e-02	0.00000000e+00	1.00000000e+01
4.07343805e-02	-7.64891654e-02	0.00000000e+00	1.00000000e+01
2
2.42950954e-02	1.41653810e-02	0.00000000e+00	1.00000000e+01
-2.42950954e-02	-1.41653810e-02	0.00000000e+00	1.00000000e+01
2
-2.68807467e-02	-6.91285878e-02	0.00000000e+00	1.00000000e+01
2.68807467e-02	6.91285878e-02	0.00000000e+00	1.00000000e+01
2
-8.54356363e-02	-9.37884822e-02	0.00000000e+00	1.00000000e+01
8.54356363e-02	9.37884822e-02	0.00000000e+00	1.00000000e+01
2
-1.33223712e-01	-1.05402045e-01	0.00000000e+00	1.00000000e+01
1.33223712e-01	1.05402045e-01	0.00000000e+00	1.00000000e+01
2
-1.74073488e-01	-1.11352086e-01	0.00000000e+00	1.00000000e+01
1.74073488e-01	1.11352086e-01	0.00000000e+00	1.00000000e+01
2
-2.09929287e-01	-1.14056684e-01	0.00000000e+00	1.00000000e+01
2.09929287e-01	1.14056684e-01	0.00000000e+00	1.00000000e+01
2
-2.41904721e-01	-1.14633195e-01	0.00000000e+00	1.00000000e+01
2.41904721e-01	1.14633195e-01	0.00000000e+00	1.00000000e+01
2
-2.70709425e-01	-1.13696747e-01	0.00000000e+00	1.00000000e+01
2.70709425e-01	1.13696747e-01	0.00000000e+00	1.00000000e+01
2
-2.96833336e-01	-1.11627668e-01	0.00000000e+00	1.00000000e+01
2.96833336e-01	1.11627668e-01	0.00000000e+00	1.00000000e+01
2
-3.20617229e-01	-1.08677961e-01	0.00000000e+00	1.00000000e+01
3.20617229e-01	1.08677961e-01	0.00000000e+00	1.00000000e+01
2
-3.42335254e-01	-1.05023399e-01	0.00000000e+00	1.00000000e+01
3.42335254e-01	1.05023399e-01	0.00000000e+00	1.00000000e+01
2
-3.62183541e-01	-1.00794800e-01	0.00000000e+00	1.00000000e+01
3.62183541e-01	1.00794800e-01	0.00000000e+00	1.00000000e+01
2
-3.80322993e-01	-9.60900560e-02	0.00000000e+00	1.00000000e+01
3.80322993e-01	9.60900560e-02	0.00000000e+00	1.00000000e+01
2
-3.96887094e-01	-9.09862742e-02	0.00000000e+00	1.00000000e+01
3.96887094e-01	9.09862742e-02	0.00000000e+00	1.00000000e+01
2
-4.11983013e-01	-8.55445042e-02	0.00000000e+00	1.00000000e+01
4.11983013e-01	8.55445042e-02	0.00000000e+00	1.00000000e+01
2
-4.25692141e-01	-7.98164010e-02	0.00000000e+00	1.00000000e+01
4.25692141e-01	7.98164010e-02	0.00000000e+00	1.00000000e+01
2
-4.38097268e-01	-7.38404542e-02	0.00000000e+00	1.00000000e+01
4.38097268e-01	7.38404542e-02	0.00000000e+00	1.00000000e+01
2
-4.49243397e-01	-6.76540732e-02	0.00000000e+00	1.00000000e+01
4.49243397e-01	6.76540732e-02	0.00000000e+00	1.00000000e+01
2
-4.59196001e-01	-6.12853542e-02	0.00000000e+00	1.00000000e+01
4.59196001e-01	6.12853542e-02	0.00000000e+00	1.00000000e+01
2
-4.67990279e-01	-5.47636971e-02	0.00000000e+00	1.00000000e+01
4.67990279e-01	5.47636971e-02	0.00000000e+00	1.00000000e+01
2
-4.75661397e-01	-4.81111445e-02	0.00000000e+00	1.00000000e+01
4.75661397e-01	4.81111445e-02	0.00000000e+00	1.00000000e+01
2
-4.82253104e-01	-4.13483195e-02	0.00000000e+00	1.00000000e+01
4.82253104e-01	4.13483195e-02	0.00000000e+00	1.00000000e+01
2
-4.87775594e-01	-3.44939008e-02	0.00000000e+00	1.00000000e+01
4.87775594e-01	3.44939008e-02	0.00000000e+00	1.00000000e+01
2
-4.92258757e-01	-2.75661927e-02	0.00000000e+00	1.00000000e+01
4.92258757e-01	2.75661927e-02	0.00000000e+00	1.00000000e+01
2
-4.95709389e-01	-2.05806065e-02	0.00000000e+00	1.00000000e+01
4.95709389e-01	2.05806065e-02	0.00000000e+00	1.00000000e+01
2
-4.98158485e-01	-1.35528278e-02	0.00000000e+00	1.00000000e+01
4.98158485e-01	1.35528278e-02	0.00000000e+00	1.00000000e+01
2
-4.99580979e-01	-6.49728067e-03	0.00000000e+00	1.00000000e+01
4.99580979e-01	6.49728067e-03	0.00000000e+00	1.00000000e+01
2
-5.00000000e-01	5.70908946e-04	0.00000000e+00	1.00000000e+01
5.00000000e-01	-5.70908946e-04	0.00000000e+00	1.00000000e+01
2
-4.99435604e-01	7.63815921e-03	0.00000000e+00	1.00000000e+01
4.99435604e-01	-7.63815921e-03	0.00000000e+00	1.00000000e+01
2
-4.97856587e-01	1.46899484e-02	0.00000000e+00	1.00000000e+01
4.97856587e-01	-1.46899484e-02	0.00000000e+00	1.00000000e+01
2
-4.95282769e-01	2.17117220e-02	0.00000000e+00	1.00000000e+01
4.95282769e-01	-2.17117220e-02	0.00000000e+00	1.00000000e+01
2
-4.91683602e-01	2.86890678e-02	0.00000000e+00	1.00000000e+01
4.91683602e-01	-2.86890678e-02	0.00000000e+00	1.00000000e+01
2
-4.87059653e-01	3.56070362e-02	0.00000000e+00	1.00000000e+01
4.87059653e-01	-3.56070362e-02	0.00000000e+00	1.00000000e+01
2
-4.81387854e-01	4.24487032e-02	0.00000000e+00	1.00000000e+01
4.81387854e-01	-4.24487032e-02	0.00000000e+00	1.00000000e+01
2
-4.74656254e-01	4.91944626e-02	0.00000000e+00	1.00000000e+01
4.74656254e-01	-4.91944626e-02	0.00000000e+00	1.00000000e+01
2
-4.66819972e-01	5.58276884e-02	0.00000000e+00	1.00000000e+01
4.66819972e-01	-5.58276884e-02	0.00000000e+00	1.00000000e+01
2
-4.57865983e-01	6.23266734e-02	0.00000000e+00	1.00000000e+01
4.57865983e-01	-6.23266734e-02	0.00000000e+00	1.00000000e+01
2
-4.47752297e-01	6.86665475e-02	0.00000000e+00	1.00000000e+01
4.47752297e-01	-6.86665475e-02	0.00000000e+00	1.00000000e+01
2
-4.36433494e-01	7.48228729e-02	0.00000000e+00	1.00000000e+01
4.36433494e-01	-7.48228729e-02	0.00000000e+00	1.00000000e+01
2
-4.23861861e-01	8.07620510e-02	0.00000000e+00	1.00000000e+01
4.23861861e-01	-8.07620510e-02	0.00000000e+00	1.00000000e+01
2
-4.09960955e-01	8.64517838e-02	0.00000000e+00	1.00000000e+01
4.09960955e-01	-8.64517838e-02	0.00000000e+00	1.00000000e+01
2
-3.94671679e-01	9.18432474e-02	0.00000000e+00	1.00000000e+01
3.94671679e-01	-9.18432474e-02	0.00000000e+00	1.00000000e+01
2
-3.77894491e-01	9.68903005e-02	0.00000000e+00	1.00000000e+01
3.77894491e-01	-9.68903005e-02	0.00000000e+00	1.00000000e+01
2
-3.59530747e-01	1.01528175e-01	0.00000000e+00	1.00000000e+01
3.59530747e-01	-1.01528175e-01	0.00000000e+00	1.00000000e+01
2
-3.39436263e-01	1.05677225e-01	0.00000000e+00	1.00000000e+01
3.39436263e-01	-1.05677225e-01	0.00000000e+00	1.00000000e+01
2
-3.17443609e-01	1.09235942e-01	0.00000000e+00	1.00000000e+01
3.17443609e-01	-1.09235942e-01	0.00000000e+00	1.00000000e+01
2
-2.93355346e-01	1.12068869e-01	0.00000000e+00	1.00000000e+01
2.93355346e-01	-1.12068869e-01	0.00000000e+00	1.00000000e+01
2
-2.66887784e-01	1.13990307e-01	0.00000000e+00	1.00000000e+01
2.66887784e-01	-1.13990307e-01	0.00000000e+00	1.00000000e+01
2
-2.37680450e-01	1.14735134e-01	0.00000000e+00	1.00000000e+01
2.37680450e-01	-1.14735134e-01	0.00000000e+00	1.00000000e+01
2
-2.05222040e-01	1.13899320e-01	0.00000000e+00	1.00000000e+01
2.05222040e-01	-1.13899320e-01	0.00000000e+00	1.00000000e+01
2
-1.68761656e-01	1.10819601e-01	0.00000000e+00	1.00000000e+01
1.68761656e-01	-1.10819601e-01	0.00000000e+00	1.00000000e+01
2
-1.27104446e-01	1.04269549e-01	0.00000000e+00	1.00000000e+01
1.27104446e-01	-1.04269549e-01	0.00000000e+00	1.00000000e+01
2
-7.81334788e-02	9.15034115e-02	0.00000000e+00	1.00000000e+01
7.81334788e-02	-9.15034115e-02	0.00000000e+00	1.00000000e+01
2
-1.76660903e-02	6.34837970e-02	0.00000000e+00	1.00000000e+01
1.76660903e-02	-6.34837970e-02	0.00000000e+00	1.00000000e+01
2
1.73977278e-02	-2.95844562e-02	0.00000000e+00	1.00000000e+01
-1.73977278e-02	2.95844562e-02	0.00000000e+00	1.00000000e+01
2
-4.91825156e-02	-8.03836063e-02	0.00000000e+00	1.00000000e+01
4.91825156e-02	8.03836063e-02	0.00000000e+00	1.00000000e+01
2
-1.03309073e-01	-9.88003165e-02	0.00000000e+00	1.00000000e+01
1.03309073e-01	9.88003165e-02	0.00000000e+00	1.00000000e+01
2
-1.48337856e-01	-1.07975245e-01	0.00000000e+00	1.00000000e+01
1.48337856e-01	1.07975245e-01	0.00000000e+00	1.00000000e+01
2
-1.87256709e-01	-1.12596072e-01	0.00000000e+00	1.00000000e+01
1.87256709e-01	1.12596072e-01	0.00000000e+00	1.00000000e+01
2
-2.21639395e-01	-1.14453860e-01	0.00000000e+00	1.00000000e+01
2.21639395e-01	1.14453860e-01	0.00000000e+00	1.00000000e+01
2
-2.52426922e-01	-1.14439644e-01	0.00000000e+00	1.00000000e+01
2.52426922e-01	1.14439644e-01	0.00000000e+00	1.00000000e+01
2
-2.80235946e-01	-1.13066800e-01	0.00000000e+00	1.00000000e+01
2.80235946e-01	1.13066800e-01	0.00000000e+00	1.00000000e+01
2
-3.05496246e-01	-1.10661410e-01	0.00000000e+00	1.00000000e+01
3.05496246e-01	1.10661410e-01	0.00000000e+00	1.00000000e+01
2
-3.28524560e-01	-1.07444376e-01	0.00000000e+00	1.00000000e+01
3.28524560e-01	1.07444376e-01	0.00000000e+00	1.00000000e+01
2
-3.49563599e-01	-1.03573762e-01	0.00000000e+00	1.00000000e+01
3.49563599e-01	1.03573762e-01	0.00000000e+00	1.00000000e+01
2
-3.68789792e-01	-9.91668329e-02	0.00000000e+00	1.00000000e+01
3.68789792e-01	9.91668329e-02	0.00000000e+00	1.00000000e+01
2
-3.86360288e-01	-9.43123475e-02	0.00000000e+00	1.00000000e+01
3.86360288e-01	9.43123475e-02	0.00000000e+00	1.00000000e+01
