2
-5.00000000e-01	0.00000000e+00	0.00000000e+00	1.00000000e+01
5.00000000e-01	0.00000000e+00	0.00000000e+00	1.00000000e+01
2
-4.99505490e-01	7.06777070e-03	0.00000000e+00	1.00000000e+01
4.99505490e-01	-7.06777070e-03	0.00000000e+00	1.00000000e+01
2
-4.98001009e-01	1.41215613e-02	0.00000000e+00	1.00000000e+01
4.98001009e-01	-1.41215613e-02	0.00000000e+00	1.00000000e+01
2
-4.95489120e-01	2.11464874e-02	0.00000000e+00	1.00000000e+01
4.95489120e-01	-2.11464874e-02	0.00000000e+00	1.00000000e+01
2
-4.91972446e-01	2.81284489e-02	0.00000000e+00	1.00000000e+01
4.91972446e-01	-2.81284489e-02	0.00000000e+00	1.00000000e+01
2
-4.87410337e-01	3.50509956e-02	0.00000000e+00	1.00000000e+01
4.87410337e-01	-3.50509956e-02	0.00000000e+00	1.00000000e+01
2
-4.81820971e-01	4.18995321e-02	0.00000000e+00	1.00000000e+01
4.81820971e-01	-4.18995321e-02	0.00000000e+00	1.00000000e+01
2
-4.75151151e-01	4.86535355e-02	0.00000000e+00	1.00000000e+01
4.75151151e-01	-4.86535355e-02	0.00000000e+00	1.00000000e+01
2
-4.67397153e-01	5.52972704e-02	0.00000000e+00	1.00000000e+01
4.67397153e-01	-5.52972704e-02	0.00000000e+00	1.00000000e+01
2
-4.58525419e-01	6.18071891e-02	0.00000000e+00	1.00000000e+01
4.58525419e-01	-6.18071891e-02	0.00000000e+00	1.00000000e+01
2
-4.48493868e-01	6.81612939e-02	0.00000000e+00	1.00000000e+01
4.48493868e-01	-6.81612939e-02	0.00000000e+00	1.00000000e+01
2
-4.37257171e-01	7.43351877e-02	0.00000000e+00	1.00000000e+01
4.37257171e-01	-7.43351877e-02	0.00000000e+00	1.00000000e+01
2
-4.24767524e-01	8.02918226e-02	0.00000000e+00	1.00000000e+01
4.24767524e-01	-8.02918226e-02	0.00000000e+00	1.00000000e+01
2
-4.10969019e-01	8.59995335e-02	0.00000000e+00	1.00000000e+01
4.10969019e-01	-8.59995335e-02	0.00000000e+00	1.00000000e+01
2
-3.95776212e-01	9.14183334e-02	0.00000000e+00	1.00000000e+01
3.95776212e-01	-9.14183334e-02	0.00000000e+00	1.00000000e+01
2
-3.79106969e-01	9.64935869e-02	0.00000000e+00	1.00000000e+01
3.79106969e-01	-9.64935869e-02	0.00000000e+00	1.00000000e+01
2
-3.60845238e-01	1.01164341e-01	0.00000000e+00	1.00000000e+01
3.60845238e-01	-1.01164341e-01	0.00000000e+00	1.00000000e+01
2
-3.40873033e-01	1.05353594e-01	0.00000000e+00	1.00000000e+01
3.40873033e-01	-1.05353594e-01	0.00000000e+00	1.00000000e+01
2
-3.19022804e-01	1.08959198e-01	0.00000000e+00	1.00000000e+01
3.19022804e-01	-1.08959198e-01	0.00000000e+00	1.00000000e+01
2
-2.95082211e-01	1.11850969e-01	0.00000000e+00	1.00000000e+01
2.95082211e-01	-1.11850969e-01	0.00000000e+00	1.00000000e+01
2
-2.68791884e-01	1.13846429e-01	0.00000000e+00	1.00000000e+01
2.68791884e-01	-1.13846429e-01	0.00000000e+00	1.00000000e+01
2
-2.39782199e-01	1.14686988e-01	0.00000000e+00	1.00000000e+01
2.39782199e-01	-1.14686988e-01	0.00000000e+00	1.00000000e+01
2
-2.07565308e-01	1.13981783e-01	0.00000000e+00	1.00000000e+01
2.07565308e-01	-1.13981783e-01	0.00000000e+00	1.00000000e+01
2
-1.71406761e-01	1.11090869e-01	0.00000000e+00	1.00000000e+01
1.71406761e-01	-1.11090869e-01	0.00000000e+00	1.00000000e+01
2
-1.30154371e-01	1.04843907e-01	0.00000000e+00	1.00000000e+01
1.30154371e-01	-1.04843907e-01	0.00000000e+00	1.00000000e+01
2
-8.17786083e-02	9.26648751e-02	0.00000000e+00	1.00000000e+01
8.17786083e-02	-9.26648751e-02	0.00000000e+00	1.00000000e+01
2
-2.22708639e-02	6.63947016e-02	0.00000000e+00	1.00000000e+01
2.22708639e-02	-6.63947016e-02	0.00000000e+00	1.00000000e+01
2
2.12286878e-02	-2.23903470e-02	0.00000000e+00	1.00000000e+01
-2.12286878e-02	2.23903470e-02	0.00000000e+00	1.00000000e+01
2
-4.50740568e-02	-7.84536377e-02	0.00000000e+00	1.00000000e+01
4.50740568e-02	7.84536377e-02	0.00000000e+00	1.00000000e+01
2
-9.99767631e-02	-9.78020430e-02	0.00000000e+00	1.00000000e+01
9.99767631e-02	9.78020430e-02	0.00000000e+00	1.00000000e+01
2
-1.45473197e-01	-1.07324414e-01	0.00000000e+00	1.00000000e+01
1.45473197e-01	1.07324414e-01	0.00000000e+00	1.00000000e+01
2
-1.84702277e-01	-1.12106092e-01	0.00000000e+00	1.00000000e+01
1.84702277e-01	1.12106092e-01	0.00000000e+00	1.00000000e+01
2
-2.19301924e-01	-1.14040412e-01	0.00000000e+00	1.00000000e+01
2.19301924e-01	1.14040412e-01	0.00000000e+00	1.00000000e+01
2
-2.50245482e-01	-1.14056483e-01	0.00000000e+00	1.00000000e+01
2.50245482e-01	1.14056483e-01	0.00000000e+00	1.00000000e+01
2
-2.78162658e-01	-1.12686589e-01	0.00000000e+00	1.00000000e+01
2.78162658e-01	1.12686589e-01	0.00000000e+00	1.00000000e+01
2
-3.03500444e-01	-1.10266604e-01	0.00000000e+00	1.00000000e+01
3.03500444e-01	1.10266604e-01	0.00000000e+00	1.00000000e+01
2
-3.26578647e-01	-1.07021742e-01	0.00000000e+00	1.00000000e+01
3.26578647e-01	1.07021742e-01	0.00000000e+00	1.00000000e+01
2
-3.47646564e-01	-1.03114739e-01	0.00000000e+00	1.00000000e+01
3.47646564e-01	1.03114739e-01	0.00000000e+00	1.00000000e+01
2
-3.66880357e-01	-9.86641496e-02	0.00000000e+00	1.00000000e+01
3.66880357e-01	9.86641496e-02	0.00000000e+00	1.00000000e+01
2
-3.84440750e-01	-9.37642530e-02	0.00000000e+00	1.00000000e+01
3.84440750e-01	9.37642530e-02	0.00000000e+00	1.00000000e+01
2
-4.00448978e-01	-8.84818286e-02	0.00000000e+00	1.00000000e+01
4.00448978e-01	8.84818286e-02	0.00000000e+00	1.00000000e+01
2
-4.15011227e-01	-8.28792825e-02	0.00000000e+00	1.00000000e+01
4.15011227e-01	8.28792825e-02	0.00000000e+00	1.00000000e+01
2
-4.28188950e-01	-7.70052224e-02	0.00000000e+00	1.00000000e+01
4.28188950e-01	7.70052224e-02	0.00000000e+00	1.00000000e+01
2
-4.40075874e-01	-7.08942711e-02	0.00000000e+00	1.00000000e+01
4.40075874e-01	7.08942711e-02	0.00000000e+00	1.00000000e+01
2
-4.50719744e-01	-6.45802990e-02	0.00000000e+00	1.00000000e+01
4.50719744e-01	6.45802990e-02	0.00000000e+00	1.00000000e+01
2
-4.60166156e-01	-5.80994114e-02	0.00000000e+00	1.00000000e+01
4.60166156e-01	5.80994114e-02	0.00000000e+00	1.00000000e+01
2
-4.68458086e-01	-5.14716357e-02	0.00000000e+00	1.00000000e+01
4.68458086e-01	5.14716357e-02	0.00000000e+00	1.00000000e+01
2
-4.75634962e-01	-4.47200648e-02	0.00000000e+00	1.00000000e+01
4.75634962e-01	4.47200648e-02	0.00000000e+00	1.00000000e+01
2
-4.81723100e-01	-3.78655829e-02	0.00000000e+00	1.00000000e+01
4.81723100e-01	3.78655829e-02	0.00000000e+00	1.00000000e+01
2
-4.86733109e-01	-3.09274308e-02	0.00000000e+00	1.00000000e+01
4.86733109e-01	3.09274308e-02	0.00000000e+00	1.00000000e+01
2
-4.90707785e-01	-2.39225551e-02	0.00000000e+00	1.00000000e+01
4.90707785e-01	2.39225551e-02	0.00000000e+00	1.00000000e+01
2
-4.93632317e-01	-1.68664139e-02	0.00000000e+00	1.00000000e+01
4.93632317e-01	1.68664139e-02	0.00000000e+00	1.00000000e+01
2
-4.95543450e-01	-9.77593940e-03	0.00000000e+00	1.00000000e+01
4.95543450e-01	9.77593940e-03	0.00000000e+00	1.00000000e+01
2
-4.96432513e-01	-2.66511180e-03	0.00000000e+00	1.00000000e+01
4.96432513e-01	2.66511180e-03	0.00000000e+00	1.00000000e+01
2
-4.96304750e-01	4.45083994e-03	0.00000000e+00	1.00000000e+01
4.96304750e-01	-4.45083994e-03	0.00000000e+00	1.00000000e+01
2
-4.95173693e-01	1.15577588e-02	0.00000000e+00	1.00000000e+01
4.95173693e-01	-1.15577588e-02	0.00000000e+00	1.00000000e+01
2
-4.93005127e-01	1.86415538e-02	0.00000000e+00	1.00000000e+01
4.93005127e-01	-1.86415538e-02	0.00000000e+00	1.00000000e+01
2
-4.89827007e-01	2.56854296e-02	0.00000000e+00	1.00000000e+01
4.89827007e-01	-2.56854296e-02	0.00000000e+00	1.00000000e+01
2
-4.85595793e-01	3.26757617e-02	0.00000000e+00	1.00000000e+01
4.85595793e-01	-3.26757617e-02	0.00000000e+00	1.00000000e+01
2
-4.80328560e-01	3.95952277e-02	0.00000000e+00	1.00000000e+01
4.80328560e-01	-3.95952277e-02	0.00000000e+00	1.00000000e+01
2
-4.73968834e-01	4.64243852e-02	0.00000000e+00	1.00000000e+01
4.73968834e-01	-4.64243852e-02	0.00000000e+00	1.00000000e+01
2
-4.66521174e-01	5.31472228e-02	0.00000000e+00	1.00000000e+01
4.66521174e-01	-5.31472228e-02	0.00000000e+00	1.00000000e+01
2
-4.57948983e-01	5.97411469e-02	0.00000000e+00	1.00000000e+01
4.57948983e-01	-5.97411469e-02	0.00000000e+00	1.00000000e+01
2
-4.48211879e-01	6.61834255e-02	0.00000000e+00	1.00000000e+01
4.48211879e-01	-6.61834255e-02	0.00000000e+00	1.00000000e+01
2
-4.37266171e-01	7.24467188e-02	0.00000000e+00	1.00000000e+01
4.37266171e-01	-7.24467188e-02	0.00000000e+00	1.00000000e+01
2
-4.25065726e-01	7.85024166e-02	0.00000000e+00	1.00000000e+01
4.25065726e-01	-7.85024166e-02	0.00000000e+00	1.00000000e+01
2
-4.11553472e-01	8.43140557e-02	0.00000000e+00	1.00000000e+01
4.11553472e-01	-8.43140557e-02	0.00000000e+00	1.00000000e+01
2
-3.96650016e-01	8.98408070e-02	0.00000000e+00	1.00000000e+01
3.96650016e-01	-8.98408070e-02	0.00000000e+00	1.00000000e+01
2
-3.80269289e-01	9.50333104e-02	0.00000000e+00	1.00000000e+01
3.80269289e-01	-9.50333104e-02	0.00000000e+00	1.00000000e+01
2
-3.62302423e-01	9.98305231e-02	0.00000000e+00	1.00000000e+01
3.62302423e-01	-9.98305231e-02	0.00000000e+00	1.00000000e+01
2
-3.42632115e-01	1.04155175e-01	0.00000000e+00	1.00000000e+01
3.42632115e-01	-1.04155175e-01	0.00000000e+00	1.00000000e+01
2
-3.21096361e-01	1.07909165e-01	0.00000000e+00	1.00000000e+01
3.21096361e-01	-1.07909165e-01	0.00000000e+00	1.00000000e+01
2
-2.97484368e-01	1.10966809e-01	0.00000000e+00	1.00000000e+01
2.97484368e-01	-1.10966809e-01	0.00000000e+00	1.00000000e+01
2
-2.71546513e-01	1.13151528e-01	0.00000000e+00	1.00000000e+01
2.71546513e-01	-1.13151528e-01	0.00000000e+00	1.00000000e+01
2
-2.42931202e-01	1.14214733e-01	0.00000000e+00	1.00000000e+01
2.42931202e-01	-1.14214733e-01	0.00000000e+00	1.00000000e+01
2
-2.11157501e-01	1.13784209e-01	0.00000000e+00	1.00000000e+01
2.11157501e-01	-1.13784209e-01	0.00000000e+00	1.00000000e+01
2
-1.75527602e-01	1.11256167e-01	0.00000000e+00	1.00000000e+01
1.75527602e-01	-1.11256167e-01	0.00000000e+00	1.00000000e+01
2
-1.34947926e-01	1.05542041e-01	0.00000000e+00	1.00000000e+01
1.34947926e-01	-1.05542041e-01	0.00000000e+00	1.00000000e+01
2
-8.75187740e-02	9.43066552e-02	0.00000000e+00	1.00000000e+01
8.75187740e-02	-9.43066552e-02	0.00000000e+00	1.00000000e+01
2
-2.95091290e-02	7.05612525e-02	0.00000000e+00	1.00000000e+01
2.95091290e-02	-7.05612525e-02	0.00000000e+00	1.00000000e+01
2
2.54472885e-02	-9.12768953e-03	0.00000000e+00	1.00000000e+01
-2.54472885e-02	9.12768953e-03	0.00000000e+00	1.00000000e+01
2
-3.83529700e-02	-7.51453713e-02	0.00000000e+00	1.00000000e+01
3.83529700e-02	7.51453713e-02	0.00000000e+00	1.00000000e+01
2
-9.45740789e-02	-9.61931199e-02	0.00000000e+00	1.00000000e+01
9.45740789e-02	9.61931199e-02	0.00000000e+00	1.00000000e+01
2
-1.40872344e-01	-1.06352746e-01	0.00000000e+00	1.00000000e+01
1.40872344e-01	1.06352746e-01	0.00000000e+00	1.00000000e+01
2
-1.80643782e-01	-1.11449033e-01	0.00000000e+00	1.00000000e+01
1.80643782e-01	1.11449033e-01	0.00000000e+00	1.00000000e+01
2
-2.15637282e-01	-1.13555461e-01	0.00000000e+00	1.00000000e+01
2.15637282e-01	1.13555461e-01	0.00000000e+00	1.00000000e+01
2
-2.46878266e-01	-1.13667883e-01	0.00000000e+00	1.00000000e+01
2.46878266e-01	1.13667883e-01	0.00000000e+00	1.00000000e+01
2
-2.75028795e-01	-1.12349108e-01	0.00000000e+00	1.00000000e+01
2.75028795e-01	1.12349108e-01	0.00000000e+00	1.00000000e+01
2
-3.00549507e-01	-1.09949499e-01	0.00000000e+00	1.00000000e+01
3.00549507e-01	1.09949499e-01	0.00000000e+00	1.00000000e+01
2
-3.23768556e-01	-1.06706209e-01	0.00000000e+00	1.00000000e+01
3.23768556e-01	1.06706209e-01	0.00000000e+00	1.00000000e+01
2
-3.44938070e-01	-1.02785960e-01	0.00000000e+00	1.00000000e+01
3.44938070e-01	1.02785960e-01	0.00000000e+00	1.00000000e+01
2
-3.64256680e-01	-9.83116403e-02	0.00000000e+00	1.00000000e+01
3.64256680e-01	9.83116403e-02	0.00000000e+00	1.00000000e+01
2
-3.81882429e-01	-9.33777466e-02	0.00000000e+00	1.00000000e+01
3.81882429e-01	9.33777466e-02	0.00000000e+00	1.00000000e+01
2
-3.97928387e-01	-8.80598426e-02	0.00000000e+00	1.00000000e+01
3.97928387e-01	8.80598426e-02	0.00000000e+00	1.00000000e+01
2
-4.12508667e-01	-8.24150294e-02	0.00000000e+00	1.00000000e+01
4.12508667e-01	8.24150294e-02	0.00000000e+00	1.00000000e+01
2
-4.25692260e-01	-7.64923245e-02	0.00000000e+00	1.00000000e+01
4.25692260e-01	7.64923245e-02	0.00000000e+00	1.00000000e+01
2
-4.37569290e-01	-7.03330413e-02	0.00000000e+00	1.00000000e+01
4.37569290e-01	7.03330413e-02	0.00000000e+00	1.00000000e+01
2
-4.48189497e-01	-6.39739409e-02	0.00000000e+00	1.00000000e+01
4.48189497e-01	6.39739409e-02	0.00000000e+00	1.00000000e+01
2
-4.57597494e-01	-5.74383065e-02	0.00000000e+00	1.00000000e+01
4.57597494e-01	5.74383065e-02	0.00000000e+00	1.00000000e+01
2
-4.65835452e-01	-5.07564731e-02	0.00000000e+00	1.00000000e+01
4.65835452e-01	5.07564731e-02	0.00000000e+00	1.00000000e+01
2
-4.72942024e-01	-4.39523086e-02	0.00000000e+00	1.00000000e+01
4.72942024e-01	4.39523086e-02	0.00000000e+00	1.00000000e+01
2
-4.78951842e-01	-3.70464660e-02	0.00000000e+00	1.00000000e+01
4.78951842e-01	3.70464660e-02	0.00000000e+00	1.00000000e+01
2
-4.83875394e-01	-3.00552621e-02	0.00000000e+00	1.00000000e+01
4.83875394e-01	3.00552621e-02	0.00000000e+00	1.00000000e+01
2
-4.87737238e-01	-2.29989477e-02	0.00000000e+00	1.00000000e+01
4.87737238e-01	2.29989477e-02	0.00000000e+00	1.00000000e+01
2
-4.90554750e-01	-1.58936009e-02	0.00000000e+00	1.00000000e+01
4.90554750e-01	1.58936009e-02	0.00000000e+00	1.00000000e+01
2
-4.92331088e-01	-8.75341333e-03	0.00000000e+00	1.00000000e+01
4.92331088e-01	8.75341333e-03	0.00000000e+00	1.00000000e+01
2
-4.93077457e-01	-1.59534207e-03	0.00000000e+00	1.00000000e+01
4.93077457e-01	1.59534207e-03	0.00000000e+00	1.00000000e+01
2
-4.92798090e-01	5.56591013e-03	0.00000000e+00	1.00000000e+01
4.92798090e-01	-5.56591013e-03	0.00000000e+00	1.00000000e+01
2
-4.91482705e-01	1.27161220e-02	0.00000000e+00	1.00000000e+01
4.91482705e-01	-1.27161220e-02	0.00000000e+00	1.00000000e+01
2
-4.89142627e-01	1.98387932e-02	0.00000000e+00	1.00000000e+01
4.89142627e-01	-1.98387932e-02	0.00000000e+00	1.00000000e+01
2
-4.85748678e-01	2.69189272e-02	0.00000000e+00	1.00000000e+01
4.85748678e-01	-2.69189272e-02	0.00000000e+00	1.00000000e+01
2
-4.81308430e-01	3.39419842e-02	0.00000000e+00	1.00000000e+01
4.81308430e-01	-3.39419842e-02	0.00000000e+00	1.00000000e+01
2
-4.75794107e-01	4.08874191e-02	0.00000000e+00	1.00000000e+01
4.75794107e-01	-4.08874191e-02	0.00000000e+00	1.00000000e+01
2
-4.69182432e-01	4.77407575e-02	0.00000000e+00	1.00000000e+01
4.69182432e-01	-4.77407575e-02	0.00000000e+00	1.00000000e+01
2
-4.61457282e-01	5.44779524e-02	0.00000000e+00	1.00000000e+01
4.61457282e-01	-5.44779524e-02	0.00000000e+00	1.00000000e+01
2
-4.52581912e-01	6.10806309e-02	0.00000000e+00	1.00000000e+01
4.52581912e-01	-6.10806309e-02	0.00000000e+00	1.00000000e+01
2
-4.42515820e-01	6.75235391e-02	0.00000000e+00	1.00000000e+01
4.42515820e-01	-6.75235391e-02	0.00000000e+00	1.00000000e+01
2
-4.31215554e-01	7.37788081e-02	0.00000000e+00	1.00000000e+01
4.31215554e-01	-7.37788081e-02	0.00000000e+00	1.00000000e+01
2
-4.18635219e-01	7.98098668e-02	0.00000000e+00	1.00000000e+01
4.18635219e-01	-7.98098668e-02	0.00000000e+00	1.00000000e+01
2
-4.04687911e-01	8.55847225e-02	0.00000000e+00	1.00000000e+01
4.04687911e-01	-8.55847225e-02	0.00000000e+00	1.00000000e+01
2
-3.89316112e-01	9.10545513e-02	0.00000000e+00	1.00000000e+01
3.89316112e-01	-9.10545513e-02	0.00000000e+00	1.00000000e+01
2
-3.72423768e-01	9.61684138e-02	0.00000000e+00	1.00000000e+01
3.72423768e-01	-9.61684138e-02	0.00000000e+00	1.00000000e+01
2
-3.53886038e-01	1.00858897e-01	0.00000000e+00	1.00000000e+01
3.53886038e-01	-1.00858897e-01	0.00000000e+00	1.00000000e+01
2
-3.33575726e-01	1.05040982e-01	0.00000000e+00	1.00000000e+01
3.33575726e-01	-1.05040982e-01	0.00000000e+00	1.00000000e+01
2
-3.11308175e-01	1.08605891e-01	0.00000000e+00	1.00000000e+01
3.11308175e-01	-1.08605891e-01	0.00000000e+00	1.00000000e+01
2
-2.86864072e-01	1.11409292e-01	0.00000000e+00	1.00000000e+01
2.86864072e-01	-1.11409292e-01	0.00000000e+00	1.00000000e+01
2
-2.59952247e-01	1.13249272e-01	0.00000000e+00	1.00000000e+01
2.59952247e-01	-1.13249272e-01	0.00000000e+00	1.00000000e+01
2
-2.30176687e-01	1.13835305e-01	0.00000000e+00	1.00000000e+01
2.30176687e-01	-1.13835305e-01	0.00000000e+00	1.00000000e+01
2
-1.96979851e-01	1.12716839e-01	0.00000000e+00	1.00000000e+01
1.96979851e-01	-1.12716839e-01	0.00000000e+00	1.00000000e+01
2
-1.59530684e-01	1.09136842e-01	0.00000000e+00	1.00000000e+01
1.59530684e-01	-1.09136842e-01	0.00000000e+00	1.00000000e+01
2
-1.16474666e-01	1.01644926e-01	0.00000000e+00	1.00000000e+01
1.16474666e-01	-1.01644926e-01	0.00000000e+00	1.00000000e+01
2
-6.53342530e-02	8.67781937e-02	0.00000000e+00	1.00000000e+01
6.53342530e-02	-8.67781937e-02	0.00000000e+00	1.00000000e+01
2
-1.45460130e-03	5.11832573e-02	0.00000000e+00	1.00000000e+01
1.45460130e-03	-5.11832573e-02	0.00000000e+00	1.00000000e+01
2
1.45282235e-03	-4.85257059e-02	0.00000000e+00	1.00000000e+01
-1.45282235e-03	4.85257059e-02	0.00000000e+00	1.00000000e+01
2
-6.30193353e-02	-8.57952461e-02	0.00000000e+00	1.00000000e+01
6.30193353e-02	8.57952461e-02	0.00000000e+00	1.00000000e+01
2
-1.14563085e-01	-1.01032481e-01	0.00000000e+00	1.00000000e+01
1.14563085e-01	1.01032481e-01	0.00000000e+00	1.00000000e+01
2
-1.57860458e-01	-1.08652666e-01	0.00000000e+00	1.00000000e+01
1.57860458e-01	1.08652666e-01	0.00000000e+00	1.00000000e+01
2
-1.95462927e-01	-1.12273581e-01	0.00000000e+00	1.00000000e+01
1.95462927e-01	1.12273581e-01	0.00000000e+00	1.00000000e+01
2
-2.28757709e-01	-1.13390908e-01	0.00000000e+00	1.00000000e+01
2.28757709e-01	1.13390908e-01	0.00000000e+00	1.00000000e+01
2
-2.58594185e-01	-1.12781547e-01	0.00000000e+00	1.00000000e+01
2.58594185e-01	1.12781547e-01	0.00000000e+00	1.00000000e+01
2
-2.85538286e-01	-1.10902883e-01	0.00000000e+00	1.00000000e+01
2.85538286e-01	1.10902883e-01	0.00000000e+00	1.00000000e+01
2
-3.09991300e-01	-1.08052507e-01	0.00000000e+00	1.00000000e+01
3.09991300e-01	1.08052507e-01	0.00000000e+00	1.00000000e+01
2
-3.32247764e-01	-1.04433939e-01	0.00000000e+00	1.00000000e+01
3.32247764e-01	1.04433939e-01	0.00000000e+00	1.00000000e+01
2
-3.52531821e-01	-1.00195624e-01	0.00000000e+00	1.00000000e+01
3.52531821e-01	1.00195624e-01	0.00000000e+00	1.00000000e+01
2
-3.71025115e-01	-9.54444483e-02	0.00000000e+00	1.00000000e+01
3.71025115e-01	9.54444483e-02	0.00000000e+00	1.00000000e+01
2
-3.87864798e-01	-9.02680308e-02	0.00000000e+00	1.00000000e+01
3.87864798e-01	9.02680308e-02	0.00000000e+00	1.00000000e+01
2
-4.03167993e-01	-8.47352371e-02	0.00000000e+00	1.00000000e+01
4.03167993e-01	8.47352371e-02	0.00000000e+00	1.00000000e+01
2
-4.17029113e-01	-7.88956508e-02	0.00000000e+00	1.00000000e+01
4.17029113e-01	7.88956508e-02	0.00000000e+00	1.00000000e+01
2
-4.29526657e-01	-7.28003159e-02	0.00000000e+00	1.00000000e+01
4.29526657e-01	7.28003159e-02	0.00000000e+00	1.00000000e+01
2
-4.40727293e-01	-6.64812028e-02	0.00000000e+00	1.00000000e+01
4.40727293e-01	6.64812028e-02	0.00000000e+00	1.00000000e+01
2
-4.50675637e-01	-5.99781163e-02	0.00000000e+00	1.00000000e+01
4.50675637e-01	5.99781163e-02	0.00000000e+00	1.00000000e+01
2
-4.59428489e-01	-5.33130541e-02	0.00000000e+00	1.00000000e+01
4.59428489e-01	5.33130541e-02	0.00000000e+00	1.00000000e+01
2
-4.67020184e-01	-4.65128943e-02	0.00000000e+00	1.00000000e+01
4.67020184e-01	4.65128943e-02	0.00000000e+00	1.00000000e+01
2
-4.73474085e-01	-3.96000072e-02	0.00000000e+00	1.00000000e+01
4.73474085e-01	3.96000072e-02	0.00000000e+00	1.00000000e+01
2
-4.78829741e-01	-3.25947292e-02	0.00000000e+00	1.00000000e+01
4.78829741e-01	3.25947292e-02	0.00000000e+00	1.00000000e+01
2
-4.83110726e-01	-2.55180188e-02	0.00000000e+00	1.00000000e+01
4.83110726e-01	2.55180188e-02	0.00000000e+00	1.00000000e+01
2
-4.86307889e-01	-1.83826406e-02	0.00000000e+00	1.00000000e+01
4.86307889e-01	1.83826406e-02	0.00000000e+00	1.00000000e+01
2
-4.88467544e-01	-1.12067107e-02	0.00000000e+00	1.00000000e+01
4.88467544e-01	1.12067107e-02	0.00000000e+00	1.00000000e+01
2
-4.89562333e-01	-4.00729291e-03	0.00000000e+00	1.00000000e+01
4.89562333e-01	4.00729291e-03	0.00000000e+00	1.00000000e+01
2
-4.89631206e-01	3.20069818e-03	0.00000000e+00	1.00000000e+01
4.89631206e-01	-3.20069818e-03	0.00000000e+00	1.00000000e+01
2
-4.88639772e-01	1.04019698e-02	0.00000000e+00	1.00000000e+01
4.88639772e-01	-1.04019698e-02	0.00000000e+00	1.00000000e+01
2
-4.86617923e-01	1.75817516e-02	0.00000000e+00	1.00000000e+01
4.86617923e-01	-1.75817516e-02	0.00000000e+00	1.00000000e+01
2
-4.83527452e-01	2.47216150e-02	0.00000000e+00	1.00000000e+01
4.83527452e-01	-2.47216150e-02	0.00000000e+00	1.00000000e+01
2
-4.79380935e-01	3.18066664e-02	0.00000000e+00	1.00000000e+01
4.79380935e-01	-3.18066664e-02	0.00000000e+00	1.00000000e+01
2
-4.74153757e-01	3.88202891e-02	0.00000000e+00	1.00000000e+01
4.74153757e-01	-3.88202891e-02	0.00000000e+00	1.00000000e+01
2
-4.67817008e-01	4.57457043e-02	0.00000000e+00	1.00000000e+01
4.67817008e-01	-4.57457043e-02	0.00000000e+00	1.00000000e+01
2
-4.60358679e-01	5.25584072e-02	0.00000000e+00	1.00000000e+01
4.60358679e-01	-5.25584072e-02	0.00000000e+00	1.00000000e+01
2
-4.51743692e-01	5.92402071e-02	0.00000000e+00	1.00000000e+01
4.51743692e-01	-5.92402071e-02	0.00000000e+00	1.00000000e+01
2
-4.41933244e-01	6.57642633e-02	0.00000000e+00	1.00000000e+01
4.41933244e-01	-6.57642633e-02	0.00000000e+00	1.00000000e+01
2
-4.30885315e-01	7.21030086e-02	0.00000000e+00	1.00000000e+01
4.30885315e-01	-7.21030086e-02	0.00000000e+00	1.00000000e+01
2
-4.18545395e-01	7.82274902e-02	0.00000000e+00	1.00000000e+01
4.18545395e-01	-7.82274902e-02	0.00000000e+00	1.00000000e+01
2
-4.04845834e-01	8.40951875e-02	0.00000000e+00	1.00000000e+01
4.04845834e-01	-8.40951875e-02	0.00000000e+00	1.00000000e+01
2
-3.89713019e-01	8.96680653e-02	0.00000000e+00	1.00000000e+01
3.89713019e-01	-8.96680653e-02	0.00000000e+00	1.00000000e+01
2
-3.73058885e-01	9.48874727e-02	0.00000000e+00	1.00000000e+01
3.73058885e-01	-9.48874727e-02	0.00000000e+00	1.00000000e+01
2
-3.54761511e-01	9.96893868e-02	0.00000000e+00	1.00000000e+01
3.54761511e-01	-9.96893868e-02	0.00000000e+00	1.00000000e+01
2
-3.34695667e-01	1.03991404e-01	0.00000000e+00	1.00000000e+01
3.34695667e-01	-1.03991404e-01	0.00000000e+00	1.00000000e+01
2
-3.12675714e-01	1.07687160e-01	0.00000000e+00	1.00000000e+01
3.12675714e-01	-1.07687160e-01	0.00000000e+00	1.00000000e+01
2
-2.88488925e-01	1.10634379e-01	0.00000000e+00	1.00000000e+01
2.88488925e-01	-1.10634379e-01	0.00000000e+00	1.00000000e+01
2
-2.61851788e-01	1.12636887e-01	0.00000000e+00	1.00000000e+01
2.61851788e-01	-1.12636887e-01	0.00000000e+00	1.00000000e+01
2
-2.32376069e-01	1.13411501e-01	0.00000000e+00	1.00000000e+01
2.32376069e-01	-1.13411501e-01	0.00000000e+00	1.00000000e+01
2
-1.99518532e-01	1.12523437e-01	0.00000000e+00	1.00000000e+01
1.99518532e-01	-1.12523437e-01	0.00000000e+00	1.00000000e+01
2
-1.62472039e-01	1.09247349e-01	0.00000000e+00	1.00000000e+01
1.62472039e-01	-1.09247349e-01	0.00000000e+00	1.00000000e+01
2
-1.19934760e-01	1.02208756e-01	0.00000000e+00	1.00000000e+01
1.19934760e-01	-1.02208756e-01	0.00000000e+00	1.00000000e+01
2
-6.95447251e-02	8.81969407e-02	0.00000000e+00	1.00000000e+01
6.95447251e-02	-8.81969407e-02	0.00000000e+00	1.00000000e+01
2
-6.73409645e-03	5.54912537e-02	0.00000000e+00	1.00000000e+01
6.73409645e-03	-5.54912537e-02	0.00000000e+00	1.00000000e+01
2
6.65940996e-03	-4.33240756e-02	0.00000000e+00	1.00000000e+01
-6.65940996e-03	4.33240756e-02	0.00000000e+00	1.00000000e+01
2
-5.87826967e-02	-8.40564817e-02	0.00000000e+00	1.00000000e+01
5.87826967e-02	8.40564817e-02	0.00000000e+00	1.00000000e+01
2
-1.11082375e-01	-1.00077808e-01	0.00000000e+00	1.00000000e+01
1.11082375e-01	1.00077808e-01	0.00000000e+00	1.00000000e+01
2
-1.54847801e-01	-1.08015582e-01	0.00000000e+00	1.00000000e+01
1.54847801e-01	1.08015582e-01	0.00000000e+00	1.00000000e+01
2
-1.92769393e-01	-1.11788303e-01	0.00000000e+00	1.00000000e+01
1.92769393e-01	1.11788303e-01	0.00000000e+00	1.00000000e+01
2
-2.26291507e-01	-1.12979509e-01	0.00000000e+00	1.00000000e+01
2.26291507e-01	1.12979509e-01	0.00000000e+00	1.00000000e+01
2
-2.56295741e-01	-1.12399600e-01	0.00000000e+00	1.00000000e+01
2.56295741e-01	1.12399600e-01	0.00000000e+00	1.00000000e+01
2
-2.83360273e-01	-1.10524394e-01	0.00000000e+00	1.00000000e+01
2.83360273e-01	1.10524394e-01	0.00000000e+00	1.00000000e+01
2
-3.07900995e-01	-1.07658960e-01	0.00000000e+00	1.00000000e+01
3.07900995e-01	1.07658960e-01	0.00000000e+00	1.00000000e+01
2
-3.30215693e-01	-1.04014389e-01	0.00000000e+00	1.00000000e+01
3.30215693e-01	1.04014389e-01	0.00000000e+00	1.00000000e+01
2
-3.50533515e-01	-9.97384340e-02	0.00000000e+00	1.00000000e+01
3.50533515e-01	9.97384340e-02	0.00000000e+00	1.00000000e+01
2
-3.69043171e-01	-9.49470103e-02	0.00000000e+00	1.00000000e+01
3.69043171e-01	9.49470103e-02	0.00000000e+00	1.00000000e+01
2
-3.85881245e-01	-8.97241831e-02	0.00000000e+00	1.00000000e+01
3.85881245e-01	8.97241831e-02	0.00000000e+00	1.00000000e+01
2
-4.01167393e-01	-8.41388553e-02	0.00000000e+00	1.00000000e+01
4.01167393e-01	8.41388553e-02	0.00000000e+00	1.00000000e+01
2
-4.14994210e-01	-7.82479495e-02	0.00000000e+00	1.00000000e+01
4.14994210e-01	7.82479495e-02	0.00000000e+00	1.00000000e+01
2
-4.27450836e-01	-7.20968470e-02	0.00000000e+00	1.00000000e+01
4.27450836e-01	7.20968470e-02	0.00000000e+00	1.00000000e+01
